procs -----------memory---------- ---swap-- -----io---- -system-- ------cpu-----
 r  b   swpd   free   buff  cache   si   so    bi    bo   in   cs us sy id wa st
 0  1  67768 64113996   5144 648132    0    0    83   142    0    0  0  0 99  0  0
 1  0  67768 64087212   6716 654128    0    0  3660  2052 1186  536  2  0 98  0  0
 1  0  67768 64087212   6716 654128    0    0     0     0 1106   72  2  0 98  0  0
 1  0  67768 64087212   6716 654128    0    0     0     4 1062   27  2  0 98  0  0
 1  0  67768 64087196   6716 654180    0    0     0     0 1116   79  2  0 98  0  0
 1  0  67768 64087196   6716 654180    0    0     0     0 1061   25  2  0 98  0  0
 1  0  67768 64087196   6716 654180    0    0     0     2 1117   80  2  0 98  0  0
 1  0  67768 64087196   6716 654180    0    0     0     0 1060   23  2  0 98  0  0
 1  0  67768 64087196   6716 654180    0    0     0     0 1105   71  2  0 98  0  0
 1  0  67768 64087196   6716 654180    0    0     0     8 1063   29  2  0 98  0  0
 1  0  67768 64087196   6716 654180    0    0     0     0 1107   72  2  0 98  0  0
 1  0  67768 64087196   6716 654180    0    0     0     0 1070   29  2  0 98  0  0
 1  0  67768 64087196   6716 654180    0    0     0     2 1109   74  2  0 98  0  0
 1  0  67768 64087196   6716 654180    0    0     0     0 1058   23  2  0 98  0  0
 1  0  67768 64087196   6716 654180    0    0     0     0 1104   70  2  0 98  0  0
 1  0  67768 64087196   6716 654180    0    0     0     2 1059   25  2  0 98  0  0
 1  0  67768 64087196   6716 654180    0    0     0    34 1123   76  2  0 98  0  0
 1  0  67768 64087196   6716 654180    0    0     0     0 1060   23  2  0 98  0  0
 1  0  67768 64087196   6716 654180    0    0     0     4 1111   76  2  0 98  0  0
 1  0  67768 64087196   6716 654180    0    0     0     0 1058   23  2  0 98  0  0
 1  0  67768 64087196   6716 654180    0    0     0     0 1122   80  2  0 98  0  0
 1  0  67768 64087196   6716 654180    0    0     0     2 1074   31  2  0 98  0  0
 1  0  67768 64084712   6716 654180    0    0     0     0 1112   72  2  0 98  0  0
 1  0  67768 64084712   6716 654180    0    0     0     0 1058   23  2  0 98  0  0
 1  0  67768 64084712   6716 654180    0    0     0    35 1121   90  2  0 98  0  0
 1  0  67768 64084712   6716 654180    0    0     0     0 1100   64  2  0 98  0  0
 1  0  67768 64084712   6716 654180    0    0     0     0 1156  117  2  0 98  0  0
 1  0  67768 64084716   6716 654180    0    0     0     2 1105   66  2  0 98  0  0
 1  0  67768 64084716   6716 654180    0    0     0     0 1144  111  2  0 98  0  0
 1  0  67768 64084716   6716 654180    0    0     0     0 1098   62  2  0 98  0  0
 1  0  67768 64084716   6716 654180    0    0     0     2 1147  113  2  0 98  0  0
 1  0  67768 64084716   6716 654180    0    0     0     0 1108   68  2  0 98  0  0
 1  0  67768 64084716   6716 654180    0    0     0     0 1145  111  2  0 98  0  0
 1  0  67768 64084716   6716 654180    0    0     0     8 1102   66  2  0 98  0  0
 1  0  67768 64084884   6716 654180    0    0     0     0 1196  123  2  0 98  0  0
 1  0  67768 64084884   6716 654180    0    0     0     0 1128   65  2  0 98  0  0
 1  0  67768 64085008   6716 654180    0    0     0     2 1156  120  2  0 98  0  0
 1  0  67768 64085008   6716 654180    0    0     0     0 1099   64  2  0 98  0  0
 1  0  67768 64085008   6716 654180    0    0     0     0 1143  110  2  0 98  0  0
 1  0  67768 64085008   6716 654180    0    0     0     3 1104   70  2  0 98  0  0
 1  0  67768 64085008   6716 654180    0    0     0     0 1152  116  2  0 98  0  0
 1  0  67768 64085008   6716 654180    0    0     0     0 1119   76  2  0 98  0  0
 1  0  67768 64085008   6716 654180    0    0     0     2 1150  114  2  0 98  0  0
 1  0  67768 64085008   6716 654180    0    0     0     0 1099   62  2  0 98  0  0
 1  0  67768 64085008   6716 654180    0    0     0     0 1143  110  2  0 98  0  0
 1  0  67768 64085008   6716 654180    0    0     0     2 1100   65  2  0 98  0  0
 1  0  67768 64085008   6716 654180    0    0     0     0 1153  115  2  0 98  0  0
 1  0  67768 64085008   6716 654180    0    0     0     0 1100   63  2  0 98  0  0
 1  0  67768 64085008   6716 654180    0    0     0     4 1147  114  2  0 98  0  0
 1  0  67768 64085008   6716 654180    0    0     0     0 1098   62  2  0 98  0  0
 1  0  67768 64085008   6716 654180    0    0     0     0 1154  119  2  0 98  0  0
 1  0  67768 64085008   6716 654180    0    0     0     2 1110   70  2  0 98  0  0
 1  0  67768 64085008   6716 654180    0    0     0     0 1147  113  2  0 98  0  0
 1  0  67768 64085008   6716 654180    0    0     0     0 1098   62  2  0 98  0  0
 1  0  67768 64085008   6716 654180    0    0     0     6 1147  117  2  0 98  0  0
 1  0  67768 64085008   6716 654180    0    0     0     0 1100   64  2  0 98  0  0
 1  0  67768 64085008   6716 654180    0    0     0     0 1156  116  2  0 98  0  0
 1  0  67768 64085008   6716 654180    0    0     0     2 1101   66  2  0 98  0  0
 1  0  67768 64085008   6716 654180    0    0     0     0 1144  110  2  0 98  0  0
 1  0  67768 64085008   6716 654180    0    0     0     0 1097   62  2  0 98  0  0
 1  0  67768 64085008   6716 654180    0    0     0     2 1146  113  2  0 98  0  0
 1  0  67768 64085008   6716 654180    0    0     0     0 1109   69  2  0 98  0  0
 1  0  67768 64085008   6716 654180    0    0     0     0 1148  112  2  0 98  0  0
 1  0  67768 64085008   6716 654180    0    0     0     2 1099   65  2  0 98  0  0
 1  0  67768 64085008   6716 654184    0    0     0     0 1156  118  2  0 98  0  0
 1  0  67768 64085008   6716 654184    0    0     0     0 1099   65  2  0 98  0  0
 1  0  67768 64085008   6716 654184    0    0     0     2 1157  119  2  0 98  0  0
 1  0  67768 64085008   6716 654184    0    0     0     0 1099   63  2  0 98  0  0
 1  0  67768 64085008   6716 654184    0    0     0     0 1143  110  2  0 98  0  0
 1  0  67768 64085008   6716 654184    0    0     0     7 1106   72  2  0 98  0  0
 1  0  67768 64085008   6716 654184    0    0     0     0 1147  112  2  0 98  0  0
 1  0  67768 64085008   6716 654184    0    0     0     0 1107   67  2  0 98  0  0
 1  0  67768 64085008   6716 654184    0    0     0     2 1148  115  2  0 98  0  0
 1  0  67768 64085008   6716 654184    0    0     0     0 1097   62  2  0 98  0  0
 1  0  67768 64085008   6716 654184    0    0     0     0 1145  110  2  0 98  0  0
 1  0  67768 64085008   6716 654184    0    0     0     2 1099   65  2  0 98  0  0
 1  0  67768 64085008   6716 654184    0    0     0     0 1155  115  2  0 98  0  0
 1  0  67768 64085008   6716 654184    0    0     0     0 1099   63  2  0 98  0  0
 1  0  67768 64085008   6716 654184    0    0     0     2 1146  113  2  0 98  0  0
 1  0  67768 64085008   6716 654184    0    0     0     0 1098   62  2  0 98  0  0
 1  0  67768 64085008   6716 654184    0    0     0     0 1154  119  2  0 98  0  0
 1  0  67768 64085008   6716 654184    0    0     0     2 1109   70  2  0 98  0  0
 1  0  67768 64085008   6716 654184    0    0     0     0 1146  112  2  0 98  0  0
 1  0  67768 64085008   6716 654184    0    0     0     0 1098   62  2  0 98  0  0
 1  0  67768 64085008   6716 654184    0    0     0     2 1152  113  2  0 98  0  0
 1  0  67768 64085008   6716 654184    0    0     0     1 1109   68  2  0 98  0  0
 1  0  67768 64085008   6716 654184    0    0     0     0 1155  115  2  0 98  0  0
 1  0  67768 64085008   6716 654184    0    0     0     2 1110   74  2  0 98  0  0
 1  0  67768 64085008   6716 654184    0    0     0     0 1144  110  2  0 98  0  0
 1  0  67768 64085008   6716 654184    0    0     0     0 1097   62  2  0 98  0  0
 1  0  67768 64085008   6716 654184    0    0     0     2 1146  114  2  0 98  0  0
 1  0  67768 64085008   6716 654184    0    0     0     0 1109   67  2  0 98  0  0
 1  0  67768 64085008   6716 654184    0    0     0     0 1146  111  2  0 98  0  0
 1  0  67768 64085008   6716 654184    0    0     0     2 1098   65  2  0 98  0  0
 1  0  67768 64085272   6716 654184    0    0     0     0 1156  122  2  0 98  0  0
 1  0  67768 64085272   6716 654184    0    0     0     0 1098   65  2  0 98  0  0
 1  0  67768 64085272   6716 654184    0    0     0     2 1160  121  2  0 98  0  0
 1  0  67768 64085272   6716 654184    0    0     0     0 1100   63  2  0 98  0  0
 1  0  67768 64085272   6716 654184    0    0     0     0 1144  110  2  0 98  0  0
 1  0  67768 64085272   6716 654184    0    0     0     4 1099   66  2  0 98  0  0
 1  0  67768 64085272   6716 654188    0    0     0     4 1156  121  2  0 98  0  0
 1  0  67768 64085272   6716 654188    0    0     0     0 1107   69  2  0 98  0  0
 1  0  67768 64085272   6716 654188    0    0     0     2 1147  115  2  0 98  0  0
 1  0  67768 64085272   6716 654188    0    0     0     0 1096   62  2  0 98  0  0
 1  0  67768 64085272   6716 654188    0    0     0     0 1143  110  2  0 98  0  0
 1  0  67768 64085272   6716 654188    0    0     0     2 1099   65  2  0 98  0  0
 1  0  67768 64085272   6716 654188    0    0     0     0 1163  116  2  0 98  0  0
 1  0  67768 64085272   6716 654188    0    0     0     0 1107   63  2  0 98  0  0
 1  0  67768 64085272   6716 654188    0    0     0     2 1145  113  2  0 98  0  0
 1  0  67768 64085272   6716 654188    0    0     0     0 1104   68  2  0 98  0  0
 1  0  67768 64085272   6716 654188    0    0     0     0 1153  119  2  0 98  0  0
 1  0  67768 64085272   6716 654188    0    0     0     2 1110   71  2  0 98  0  0
 1  0  67768 64085272   6716 654188    0    0     0     0 1145  112  2  0 98  0  0
 1  0  67768 64085272   6716 654188    0    0     0     0 1097   62  2  0 98  0  0
 1  0  67768 64085272   6716 654188    0    0     0     2 1146  113  2  0 98  0  0
 1  0  67768 64085272   6716 654188    0    0     0     5 1101   69  2  0 98  0  0
 1  0  67768 64085272   6716 654188    0    0     0     0 1153  115  2  0 98  0  0
 1  0  67768 64085272   6716 654188    0    0     0     2 1102   67  2  0 98  0  0
 1  0  67768 64085272   6716 654188    0    0     0     0 1144  110  2  0 98  0  0
 1  0  67768 64085272   6716 654188    0    0     0     0 1100   63  2  0 98  0  0
 1  0  67768 64085272   6716 654188    0    0     0     2 1145  112  2  0 98  0  0
 1  0  67768 64085272   6716 654188    0    0     0     0 1112   70  2  0 98  0  0
 1  0  67768 64085272   6716 654188    0    0     0     0 1146  111  2  0 98  0  0
 1  0  67768 64085272   6716 654188    0    0     0     2 1099   66  2  0 98  0  0
 1  0  67768 64085272   6716 654188    0    0     0     0 1143  110  2  0 98  0  0
 1  0  67768 64085272   6716 654188    0    0     0     0 1098   63  2  0 98  0  0
 1  0  67768 64085272   6716 654188    0    0     0     2 1154  118  2  0 98  0  0
 1  0  67768 64085272   6716 654188    0    0     0     0 1100   63  2  0 98  0  0
 1  0  67768 64085272   6716 654188    0    0     0     0 1150  110  2  0 98  0  0
 1  0  67768 64085272   6716 654188    0    0     0     2 1102   64  2  0 98  0  0
 1  0  67768 64085272   6716 654188    0    0     0     1 1147  117  2  0 98  0  0
 1  0  67768 64085272   6716 654188    0    0     0     0 1108   67  2  0 98  0  0
 1  0  67768 64085272   6716 654188    0    0     0     2 1147  115  2  0 98  0  0
 1  0  67768 64085272   6716 654188    0    0     0     0 1097   62  2  0 98  0  0
 1  0  67768 64085272   6716 654188    0    0     0     0 1142  110  2  0 98  0  0
 1  0  67768 64085272   6716 654188    0    0     0     2 1101   66  2  0 98  0  0
 1  0  67768 64085272   6716 654188    0    0     0     0 1153  115  2  0 98  0  0
 1  0  67768 64085272   6716 654188    0    0     0     0 1100   64  2  0 98  0  0
 1  0  67768 64085272   6716 654188    0    0     0     2 1144  113  2  0 98  0  0
 1  0  67768 64085272   6716 654188    0    0     0     0 1099   62  2  0 98  0  0
 1  0  67768 64085272   6716 654188    0    0     0     0 1155  120  2  0 98  0  0
 1  0  67768 64085272   6716 654188    0    0     0     2 1107   69  2  0 98  0  0
 1  0  67768 64085272   6716 654188    0    0     0     0 1146  112  2  0 98  0  0
 1  0  67768 64085272   6716 654188    0    0     0     0 1097   62  2  0 98  0  0
 1  0  67768 64085272   6716 654188    0    0     0     2 1145  113  2  0 98  0  0
 1  0  67768 64085272   6716 654188    0    0     0     1 1103   70  2  0 98  0  0
 1  0  67768 64085272   6716 654188    0    0     0     0 1152  115  2  0 98  0  0
 1  0  67768 64085272   6716 654188    0    0     0     4 1103   68  2  0 98  0  0
 1  0  67768 64085272   6716 654188    0    0     0     0 1142  110  2  0 98  0  0
 1  0  67768 64085272   6716 654188    0    0     0     0 1098   62  2  0 98  0  0
