procs -----------memory---------- ---swap-- -----io---- -system-- ------cpu-----
 r  b   swpd   free   buff  cache   si   so    bi    bo   in   cs us sy id wa st
 0  1  67552 64126960   5208 643332    0    0    82   141    0    0  0  0 99  0  0
 1  0  67552 64097396   7012 649352    0    0  3812  2052 1463  549  2  0 98  0  0
 1  0  67552 64097396   7012 649352    0    0     0     0 1106   71  2  0 98  0  0
 1  0  67552 64097396   7012 649352    0    0     0     4 1070   32  2  0 98  0  0
 1  0  67552 64097396   7012 649352    0    0     0     0 1111   71  2  0 98  0  0
 1  0  67552 64097396   7012 649352    0    0     0     0 1059   22  2  0 98  0  0
 1  0  67552 64097396   7012 649352    0    0     0     2 1122   84  2  0 98  0  0
 1  0  67552 64097396   7012 649352    0    0     0     0 1057   22  2  0 98  0  0
 1  0  67552 64097396   7012 649352    0    0     0     0 1116   77  2  0 98  0  0
 1  0  67552 64097396   7012 649352    0    0     0     2 1059   25  2  0 98  0  0
 1  0  67552 64097396   7012 649352    0    0     0     0 1105   71  2  0 98  0  0
 1  0  67552 64097396   7012 649352    0    0     0     0 1073   32  2  0 98  0  0
 1  0  67552 64097396   7012 649352    0    0     0     2 1110   75  2  0 98  0  0
 1  0  67552 64097396   7012 649352    0    0     0     0 1068   28  2  0 98  0  0
 1  0  67552 64097396   7012 649352    0    0     0     5 1111   77  2  0 98  0  0
 1  0  67552 64097396   7012 649352    0    0     0     2 1060   25  2  0 98  0  0
 1  0  67552 64097396   7012 649352    0    0     0    34 1124   74  2  0 98  0  0
 1  0  67552 64097396   7012 649352    0    0     0     0 1057   22  2  0 98  0  0
 1  0  67552 64097396   7012 649352    0    0     0     4 1120   81  2  0 98  0  0
 1  0  67552 64097396   7012 649352    0    0     0     0 1057   22  2  0 98  0  0
 1  0  67552 64097396   7012 649352    0    0     0     0 1117   79  2  0 98  0  0
 1  0  67552 64095596   7012 649352    0    0     0     2 1066   27  2  0 98  0  0
 1  0  67552 64095596   7012 649352    0    0     0     0 1105   71  2  0 98  0  0
 1  0  67552 64095596   7012 649352    0    0     0     0 1067   28  2  0 98  0  0
 1  0  67552 64095596   7012 649352    0    0     0     2 1110   75  2  0 98  0  0
 1  0  67552 64095596   7012 649352    0    0     0     0 1057   22  2  0 98  0  0
 1  0  67552 64095588   7012 649352    0    0     0     0 1116   73  2  0 98  0  0
 1  0  67552 64095588   7012 649352    0    0     0     2 1061   25  2  0 98  0  0
 1  0  67552 64095588   7012 649352    0    0     0     0 1118   77  2  0 98  0  0
 1  0  67552 64095588   7012 649352    0    0     0    25 1098   65  2  0 98  0  0
 1  0  67552 64095588   7012 649352    0    0     0     2 1147  114  2  0 98  0  0
 1  0  67552 64095588   7012 649352    0    0     0     0 1099   65  2  0 98  0  0
 1  0  67552 64095588   7012 649352    0    0     0     0 1147  112  2  0 98  0  0
 1  0  67552 64095588   7012 649352    0    0     0     8 1115   72  2  0 98  0  0
 1  0  67552 64095588   7012 649352    0    0     0     0 1148  112  2  0 98  0  0
 1  0  67552 64095588   7012 649352    0    0     0     0 1096   62  2  0 98  0  0
 1  0  67552 64095588   7012 649352    0    0     0     2 1159  123  2  0 98  0  0
 1  0  67552 64095588   7012 649352    0    0     0     0 1097   62  2  0 98  0  0
 1  0  67552 64095588   7012 649352    0    0     0     0 1155  116  2  0 98  0  0
 1  0  67552 64095588   7012 649352    0    0     0     2 1099   65  2  0 98  0  0
 1  0  67552 64095588   7012 649352    0    0     0     0 1145  111  2  0 98  0  0
 1  0  67552 64095588   7012 649352    0    0     0     0 1098   63  2  0 98  0  0
 1  0  67552 64095588   7012 649352    0    0     0     2 1148  114  2  0 98  0  0
 1  0  67552 64095588   7012 649352    0    0     0     0 1106   67  2  0 98  0  0
 1  0  67552 64095588   7012 649352    0    0     0     1 1149  117  2  0 98  0  0
 1  0  67552 64095588   7012 649352    0    0     0     2 1099   65  2  0 98  0  0
 1  0  67552 64095588   7012 649352    0    0     0     0 1148  113  2  0 98  0  0
 1  0  67552 64095588   7012 649352    0    0     0     0 1097   62  2  0 98  0  0
 1  0  67552 64095588   7012 649352    0    0     0     4 1167  120  2  0 98  0  0
 1  0  67552 64095588   7012 649352    0    0     0     0 1099   62  2  0 98  0  0
 1  0  67552 64095588   7012 649352    0    0     0     0 1146  111  2  0 98  0  0
 1  0  67552 64095588   7012 649352    0    0     0     2 1101   66  2  0 98  0  0
 1  0  67552 64095588   7012 649352    0    0     0     0 1146  111  2  0 98  0  0
 1  0  67552 64095588   7012 649352    0    0     0     0 1105   67  2  0 98  0  0
 1  0  67552 64095588   7012 649352    0    0     0     2 1149  115  2  0 98  0  0
 1  0  67552 64095588   7012 649352    0    0     0     0 1096   62  2  0 98  0  0
 1  0  67552 64095588   7012 649352    0    0     0     0 1146  112  2  0 98  0  0
 1  0  67552 64095588   7012 649352    0    0     0     2 1100   65  2  0 98  0  0
 1  0  67552 64095588   7012 649352    0    0     0     0 1156  116  2  0 98  0  0
 1  0  67552 64095588   7012 649352    0    0     0     4 1104   70  2  0 98  0  0
 1  0  67552 64095588   7012 649352    0    0     0     2 1148  114  2  0 98  0  0
 1  0  67552 64095588   7012 649352    0    0     0     0 1097   64  2  0 98  0  0
 1  0  67552 64095588   7012 649352    0    0     0     0 1145  111  2  0 98  0  0
 1  0  67552 64095588   7012 649352    0    0     0     2 1111   70  2  0 98  0  0
 1  0  67552 64095588   7012 649352    0    0     0     0 1146  111  2  0 98  0  0
 1  0  67552 64095588   7012 649352    0    0     0     0 1096   62  2  0 98  0  0
 1  0  67552 64095588   7012 649352    0    0     0     2 1159  123  2  0 98  0  0
 1  0  67552 64095588   7012 649352    0    0     0     0 1097   62  2  0 98  0  0
 1  0  67552 64095588   7012 649352    0    0     0     0 1154  116  2  0 98  0  0
 1  0  67552 64095588   7012 649352    0    0     0     2 1100   65  2  0 98  0  0
 1  0  67552 64095588   7012 649352    0    0     0     0 1146  111  2  0 98  0  0
 1  0  67552 64095588   7012 649352    0    0     0     0 1114   70  2  0 98  0  0
 1  0  67552 64095588   7012 649352    0    0     0     2 1148  115  2  0 98  0  0
 1  0  67552 64095588   7012 649352    0    0     0     0 1107   67  2  0 98  0  0
 1  0  67552 64095588   7012 649352    0    0     0     5 1149  119  2  0 98  0  0
 1  0  67552 64095588   7012 649352    0    0     0     2 1099   65  2  0 98  0  0
 1  0  67552 64095588   7012 649352    0    0     0     0 1147  113  2  0 98  0  0
 1  0  67552 64095588   7012 649352    0    0     0     0 1097   62  2  0 98  0  0
 1  0  67552 64095588   7012 649352    0    0     0     2 1159  119  2  0 98  0  0
 1  0  67552 64095588   7012 649352    0    0     0     0 1097   62  2  0 98  0  0
 1  0  67552 64095588   7012 649352    0    0     0     0 1145  111  2  0 98  0  0
 1  0  67552 64095588   7012 649352    0    0     0     2 1100   66  2  0 98  0  0
 1  0  67552 64095588   7012 649352    0    0     0     0 1145  111  2  0 98  0  0
 1  0  67552 64095588   7012 649352    0    0     0     0 1105   67  2  0 98  0  0
 1  0  67552 64095588   7012 649352    0    0     0     2 1149  115  2  0 98  0  0
 1  0  67552 64095588   7012 649352    0    0     0     0 1095   62  2  0 98  0  0
 1  0  67552 64095588   7012 649352    0    0     0     0 1147  112  2  0 98  0  0
 1  0  67552 64095588   7012 649352    0    0     0     2 1099   65  2  0 98  0  0
 1  0  67552 64095588   7012 649352    0    0     0     0 1155  116  2  0 98  0  0
 1  0  67552 64095588   7012 649352    0    0     0     1 1104   70  2  0 98  0  0
 1  0  67552 64095588   7012 649352    0    0     0     2 1157  114  2  0 98  0  0
 1  0  67552 64095588   7012 649352    0    0     0     0 1104   64  2  0 98  0  0
 1  0  67552 64095588   7012 649352    0    0     0     0 1145  112  2  0 98  0  0
 1  0  67552 64095588   7012 649352    0    0     0     2 1111   71  2  0 98  0  0
 1  0  67552 64095588   7012 649352    0    0     0     0 1146  111  2  0 98  0  0
 1  0  67552 64095588   7012 649352    0    0     0     0 1096   62  2  0 98  0  0
 1  0  67552 64095588   7012 649352    0    0     0     2 1156  121  2  0 98  0  0
 1  0  67552 64095588   7012 649352    0    0     0     0 1102   67  2  0 98  0  0
 1  0  67552 64095588   7012 649352    0    0     0     0 1154  116  2  0 98  0  0
 1  0  67552 64095572   7012 649352    0    0     0     4 1104   68  2  0 98  0  0
 1  0  67552 64095572   7012 649352    0    0     0     0 1154  117  2  0 98  0  0
 1  0  67552 64095572   7012 649352    0    0     0     0 1098   64  2  0 98  0  0
 1  0  67552 64096124   7012 649276    0    0     0     2 1233  141  2  0 98  0  0
 1  0  67552 64096124   7012 649276    0    0     0     0 1106   68  2  0 98  0  0
 1  0  67552 64096124   7012 649276    0    0     0     4 1150  117  2  0 98  0  0
 1  0  67552 64096124   7012 649276    0    0     0     2 1105   72  2  0 98  0  0
 1  0  67552 64096124   7012 649276    0    0     0     0 1148  115  2  0 98  0  0
 1  0  67552 64096124   7012 649276    0    0     0     0 1097   62  2  0 98  0  0
 1  0  67552 64096124   7012 649276    0    0     0     2 1160  119  2  0 98  0  0
 1  0  67552 64096124   7012 649276    0    0     0     0 1102   67  2  0 98  0  0
 1  0  67552 64096124   7012 649276    0    0     0     0 1152  117  2  0 98  0  0
 1  0  67552 64096124   7012 649276    0    0     0     2 1100   67  2  0 98  0  0
 1  0  67552 64096124   7012 649276    0    0     0     0 1149  110  2  0 98  0  0
 1  0  67552 64096124   7012 649276    0    0     0     0 1114   70  2  0 98  0  0
 1  0  67552 64096124   7012 649276    0    0     0     2 1148  115  2  0 98  0  0
 1  0  67552 64096124   7012 649276    0    0     0     0 1098   63  2  0 98  0  0
 1  0  67552 64096124   7012 649276    0    0     0     0 1146  112  2  0 98  0  0
 1  0  67552 64096124   7012 649276    0    0     0     2 1101   66  2  0 98  0  0
 1  0  67552 64096124   7012 649276    0    0     0     0 1154  115  2  0 98  0  0
 1  0  67552 64096124   7012 649276    0    0     0     5 1105   73  2  0 98  0  0
 1  0  67552 64096124   7012 649276    0    0     0     2 1148  115  2  0 98  0  0
 1  0  67552 64096124   7012 649276    0    0     0     0 1102   66  2  0 98  0  0
 1  0  67552 64096124   7012 649276    0    0     0     0 1146  111  2  0 98  0  0
 1  0  67552 64096124   7012 649276    0    0     0     2 1110   71  2  0 98  0  0
 1  0  67552 64096124   7012 649276    0    0     0     0 1145  110  2  0 98  0  0
 1  0  67552 64096124   7012 649276    0    0     0     0 1098   63  2  0 98  0  0
 1  0  67552 64096124   7012 649276    0    0     0     2 1160  123  2  0 98  0  0
 1  0  67552 64096124   7012 649276    0    0     0     0 1096   62  2  0 98  0  0
 1  0  67552 64096124   7012 649276    0    0     0     0 1155  116  2  0 98  0  0
 1  0  67552 64096124   7012 649276    0    0     0     2 1101   66  2  0 98  0  0
 1  0  67552 64096124   7012 649276    0    0     0     0 1146  110  2  0 98  0  0
 1  0  67552 64096124   7012 649276    0    0     0     0 1107   71  2  0 98  0  0
 1  0  67552 64096124   7012 649276    0    0     0     2 1150  115  2  0 98  0  0
 1  0  67552 64096124   7012 649276    0    0     0     0 1105   66  2  0 98  0  0
 1  0  67552 64096124   7012 649276    0    0     0     1 1158  115  2  0 98  0  0
 1  0  67552 64096124   7012 649276    0    0     0     2 1100   67  2  0 98  0  0
 1  0  67552 64096124   7012 649276    0    0     0     0 1155  120  2  0 98  0  0
 1  0  67552 64096124   7012 649276    0    0     0     0 1097   63  2  0 98  0  0
 1  0  67552 64096124   7012 649276    0    0     0     2 1159  118  2  0 98  0  0
 1  0  67552 64096124   7012 649276    0    0     0     0 1098   63  2  0 98  0  0
 1  0  67552 64096124   7012 649276    0    0     0     0 1144  111  2  0 98  0  0
 1  0  67552 64096124   7012 649276    0    0     0     2 1100   66  2  0 98  0  0
 1  0  67552 64096124   7012 649276    0    0     0     0 1144  111  2  0 98  0  0
 1  0  67552 64096124   7012 649276    0    0     0     0 1110   70  2  0 98  0  0
 1  0  67552 64096124   7012 649276    0    0     0     2 1148  113  2  0 98  0  0
 1  0  67552 64096124   7012 649276    0    0     0     0 1097   63  2  0 98  0  0
 1  0  67552 64096124   7012 649276    0    0     0     0 1145  112  2  0 98  0  0
 1  0  67552 64096124   7012 649276    0    0     0     4 1110   72  2  0 98  0  0
 1  0  67552 64096124   7012 649276    0    0     0     0 1154  116  2  0 98  0  0
 1  0  67552 64096124   7012 649276    0    0     0     5 1100   67  2  0 98  0  0
