procs -----------memory---------- ---swap-- -----io---- -system-- ------cpu-----
 r  b   swpd   free   buff  cache   si   so    bi    bo   in   cs us sy id wa st
 1  0  67592 64073608   6716 684644    0    0    82   142    0    0  0  0 99  0  0
 1  0  67592 64055316   6936 684652    0    0   220  4124 1292  304  2  0 98  0  0
 2  0  67592 64055740   6936 684652    0    0     0     0 1139   71  2  0 98  0  0
 1  0  67592 64055724   6936 684656    0    0     0     0 1066   64  2  0 98  0  0
 1  0  67592 64055724   6936 684656    0    0     0    24 1150   86  2  0 98  0  0
 1  0  67592 64055724   6936 684656    0    0     0     0 1160  162  2  0 98  0  0
 1  0  67592 64055352   6936 684656    0    0     0     0 1167   94  2  0 98  0  0
 1  0  67592 64055352   6936 684656    0    0     0     0 1068   62  2  0 98  0  0
 1  0  67592 64055352   6936 684656    0    0     0     0 1133   68  2  0 98  0  0
 1  0  67592 64055352   6936 684656    0    0     0     0 1174  162  2  0 98  0  0
 1  0  67592 64055352   6936 684656    0    0     0     4 1148   76  2  0 98  0  0
 1  0  67592 64055352   6936 684656    0    0     0     0 1076   65  2  0 98  0  0
 1  0  67592 64055352   6936 684656    0    0     0     0 1142   70  2  0 98  0  0
 1  0  67592 64055352   6936 684656    0    0     0     0 1156  160  2  0 98  0  0
 1  0  67592 64055352   6936 684656    0    0     0    88 1160   70  2  0 98  0  0
 1  0  67592 64055352   6936 684656    0    0     0   153 1098  107  2  0 98  0  0
 1  0  67592 64055352   6936 684656    0    0     0     0 1169   92  2  0 98  0  0
 1  0  67592 64055352   6936 684656    0    0     0     0 1160  160  2  0 98  0  0
 1  0  67592 64055352   6936 684656    0    0     0     0 1139   68  2  0 98  0  0
 1  0  67592 64055352   6936 684656    0    0     0    12 1073   68  2  0 98  0  0
 1  0  67592 64055352   6936 684656    0    0     0     0 1137   70  2  0 98  0  0
 1  0  67592 64055352   6936 684656    0    0     0     4 1164  168  2  0 98  0  0
 1  0  67592 64055352   6936 684656    0    0     0     0 1138   68  2  0 98  0  0
 1  0  67592 64055352   6936 684656    0    0     0     0 1065   62  2  0 98  0  0
 1  0  67592 64055352   6936 684656    0    0     0     0 1136   68  2  0 98  0  0
 1  0  67592 64055352   6936 684656    0    0     0     0 1160  163  2  0 98  0  0
 1  0  67592 64055352   6936 684656    0    0     0     4 1165   84  2  0 98  0  0
 1  0  67592 64055352   6936 684656    0    0     0     0 1066   64  2  0 98  0  0
 1  0  67592 64055352   6936 684656    0    0     0     0 1150   79  2  0 98  0  0
 1  0  67592 64055352   6936 684656    0    0     0     0 1157  160  2  0 98  0  0
 1  0  67592 64055352   6936 684656    0    0     0     0 1141   70  2  0 98  0  0
 1  0  67592 64055352   6936 684656    0    0     0     0 1065   64  2  0 98  0  0
 1  0  67592 64055352   6936 684656    0    0     0     4 1142   76  2  0 98  0  0
 1  0  67592 64055352   6936 684656    0    0     0     0 1158  160  2  0 98  0  0
 1  0  67592 64055352   6936 684656    0    0     0     0 1135   68  2  0 98  0  0
 1  0  67592 64055352   6936 684656    0    0     0     0 1068   62  2  0 98  0  0
 1  0  67592 64055352   6936 684656    0    0     0     0 1153   80  2  0 98  0  0
 1  0  67592 64055352   6936 684656    0    0     0     8 1187  184  2  0 98  0  0
 1  0  67592 64055352   6936 684656    0    0     0     0 1134   68  2  0 98  0  0
 1  0  67592 64055352   6936 684656    0    0     0     0 1068   62  2  0 98  0  0
 1  0  67592 64052628   6936 684656    0    0     0     0 1147   70  2  0 98  0  0
 1  0  67592 64052628   6936 684656    0    0     0     0 1160  162  2  0 98  0  0
 1  0  67592 64052804   6936 684656    0    0     0     0 1144   73  2  0 98  0  0
 1  0  67592 64052804   6936 684656    0    0     0     8 1069   68  2  0 98  0  0
 1  0  67592 64052804   6936 684656    0    0     0     0 1137   68  2  0 98  0  0
 1  0  67592 64052804   6936 684656    0    0     0   221 1199  204  2  0 98  0  0
 1  0  67592 64052804   6936 684656    0    0     0     0 1174   92  2  0 98  0  0
 1  0  67592 64052804   6936 684656    0    0     0     0 1073   64  2  0 98  0  0
 1  0  67592 64052804   6936 684656    0    0     0     8 1138   72  2  0 98  0  0
 1  0  67592 64052804   6936 684656    0    0     0     0 1164  162  2  0 98  0  0
 1  0  67592 64052848   6936 684656    0    0     0     0 1148   72  2  0 98  0  0
 1  0  67592 64052848   6936 684656    0    0     0     0 1065   62  2  0 98  0  0
 1  0  67592 64052848   6936 684656    0    0     0     0 1157   82  2  0 98  0  0
 1  0  67592 64053172   6936 684656    0    0     0     0 1312  180  2  0 98  0  0
 1  0  67592 64053172   6936 684656    0    0     0     4 1156   72  2  0 98  0  0
 1  0  67592 64053172   6936 684656    0    0     0     0 1064   65  2  0 98  0  0
 1  0  67592 64053172   6936 684656    0    0     0     0 1174   96  2  0 98  0  0
 1  0  67592 64053172   6936 684656    0    0     0     0 1161  162  2  0 98  0  0
 1  0  67592 64053172   6936 684656    0    0     0     0 1139   68  2  0 98  0  0
 1  0  67592 64053172   6936 684656    0    0     0     4 1068   68  2  0 98  0  0
 1  0  67592 64053172   6936 684656    0    0     0     0 1141   74  2  0 98  0  0
 1  0  67592 64053172   6936 684656    0    0     0     0 1163  162  2  0 98  0  0
 1  0  67592 64053172   6936 684656    0    0     0     0 1140   68  2  0 98  0  0
 1  0  67592 64053172   6936 684656    0    0     0     0 1064   62  2  0 98  0  0
 1  0  67592 64053172   6936 684656    0    0     0     0 1136   68  2  0 98  0  0
 1  0  67592 64053172   6936 684656    0    0     0     4 1165  166  2  0 98  0  0
 1  0  67592 64053172   6936 684656    0    0     0     0 1154   78  2  0 98  0  0
 1  0  67592 64053172   6936 684656    0    0     0     0 1076   70  2  0 98  0  0
 1  0  67592 64053172   6936 684656    0    0     0     0 1135   68  2  0 98  0  0
 1  0  67592 64053172   6936 684656    0    0     0     0 1179  174  2  0 98  0  0
 1  0  67592 64053172   6936 684656    0    0     0     4 1144   74  2  0 98  0  0
 1  0  67592 64053172   6936 684656    0    0     0     0 1066   64  2  0 98  0  0
 1  0  67592 64053172   6936 684656    0    0     0     0 1136   68  2  0 98  0  0
 1  0  67592 64053172   6936 684656    0    0     0     0 1159  160  2  0 98  0  0
 1  0  67592 64053172   6936 684656    0    0     0     0 1141   72  2  0 98  0  0
 1  0  67592 64053172   6936 684656    0    0     0     9 1075   76  2  0 98  0  0
 1  0  67592 64053172   6936 684656    0    0     0     4 1160   88  2  0 98  0  0
 1  0  67592 64053172   6936 684656    0    0     0     0 1163  160  2  0 98  0  0
 1  0  67592 64053172   6936 684656    0    0     0     0 1134   70  2  0 98  0  0
 1  0  67592 64053172   6936 684656    0    0     0     0 1075   64  2  0 98  0  0
 1  0  67592 64053172   6936 684656    0    0     0     0 1136   70  2  0 98  0  0
 1  0  67592 64053172   6936 684656    0    0     0     4 1162  164  2  0 98  0  0
 1  0  67592 64053172   6936 684656    0    0     0     0 1137   68  2  0 98  0  0
 1  0  67592 64053172   6936 684656    0    0     0     0 1065   62  2  0 98  0  0
 1  0  67592 64053172   6936 684656    0    0     0     0 1137   68  2  0 98  0  0
 1  0  67592 64053172   6936 684656    0    0     0     0 1157  160  2  0 98  0  0
 1  0  67592 64053172   6936 684656    0    0     0     0 1159   80  2  0 98  0  0
 1  0  67592 64053172   6936 684656    0    0     0     8 1080   72  2  0 98  0  0
 1  0  67592 64053172   6936 684656    0    0     0     0 1132   70  2  0 98  0  0
 1  0  67592 64053172   6936 684656    0    0     0     0 1169  162  2  0 98  0  0
 1  0  67592 64053172   6936 684656    0    0     0     0 1130   68  2  0 98  0  0
 1  0  67592 64053172   6936 684656    0    0     0     0 1076   64  2  0 98  0  0
 1  0  67592 64053172   6936 684656    0    0     0     8 1133   72  2  0 98  0  0
 1  0  67592 64053172   6936 684656    0    0     0     0 1167  162  2  0 98  0  0
 1  0  67592 64053172   6936 684656    0    0     0     0 1128   66  2  0 98  0  0
 1  0  67592 64053172   6936 684656    0    0     0     0 1074   64  2  0 98  0  0
 1  0  67592 64053172   6936 684656    0    0     0     0 1146   76  2  0 98  0  0
 1  0  67592 64053172   6936 684656    0    0     0     0 1195  178  2  0 98  0  0
 1  0  67592 64053172   6936 684656    0    0     0     8 1135   72  2  0 98  0  0
 1  0  67592 64053172   6936 684656    0    0     0     0 1075   64  2  0 98  0  0
 1  0  67592 64053172   6936 684656    0    0     0     0 1127   68  2  0 98  0  0
 1  0  67592 64053172   6936 684656    0    0     0     0 1170  164  2  0 98  0  0
 1  0  67592 64053172   6936 684656    0    0     0     0 1129   66  2  0 98  0  0
 1  0  67592 64053172   6936 684656    0    0     0     4 1077   68  2  0 98  0  0
 1  0  67592 64053172   6936 684656    0    0     0     0 1126   66  2  0 98  0  0
 1  0  67592 64053172   6936 684656    0    0     0     8 1176  172  2  0 98  0  0
 1  0  67592 64053172   6936 684656    0    0     0     0 1152   80  2  0 98  0  0
 1  0  67592 64053172   6936 684656    0    0     0     0 1078   66  2  0 98  0  0
 1  0  67592 64053172   6936 684656    0    0     0     0 1125   66  2  0 98  0  0
 1  0  67592 64053172   6936 684656    0    0     0     4 1176  170  2  0 98  0  0
 1  0  67592 64053172   6936 684656    0    0     0     0 1127   68  2  0 98  0  0
 1  0  67592 64053172   6936 684656    0    0     0     0 1078   64  2  0 98  0  0
 1  0  67592 64053172   6936 684656    0    0     0     0 1147   80  2  0 98  0  0
 1  0  67592 64053172   6936 684656    0    0     0     0 1170  162  2  0 98  0  0
 1  0  67592 64053172   6936 684656    0    0     0     4 1135   72  2  0 98  0  0
 1  0  67592 64053172   6936 684656    0    0     0     0 1075   66  2  0 98  0  0
 1  0  67592 64053172   6936 684656    0    0     0     0 1147   78  2  0 98  0  0
 1  0  67592 64053172   6936 684656    0    0     0     0 1167  160  2  0 98  0  0
 1  0  67592 64053172   6936 684656    0    0     0     0 1131   68  2  0 98  0  0
 1  0  67592 64053172   6936 684656    0    0     0     0 1073   64  2  0 98  0  0
 1  0  67592 64053172   6936 684656    0    0     0     4 1134   76  2  0 98  0  0
 1  0  67592 64053172   6936 684656    0    0     0     0 1170  162  2  0 98  0  0
 1  0  67592 64053172   6936 684656    0    0     0     0 1126   66  2  0 98  0  0
 1  0  67592 64053172   6936 684656    0    0     0     0 1078   64  2  0 98  0  0
 1  0  67592 64053172   6936 684656    0    0     0     0 1124   66  2  0 98  0  0
 1  0  67592 64053172   6936 684656    0    0     0     4 1172  166  2  0 98  0  0
 1  0  67592 64053172   6936 684656    0    0     0     0 1146   79  2  0 98  0  0
 1  0  67592 64053172   6936 684656    0    0     0     0 1075   64  2  0 98  0  0
 1  0  67592 64053172   6936 684656    0    0     0     0 1128   66  2  0 98  0  0
 1  0  67592 64053172   6936 684656    0    0     0     0 1167  162  2  0 98  0  0
 1  0  67592 64053172   6936 684656    0    0     0     0 1130   68  2  0 98  0  0
 1  0  67592 64053172   6936 684656    0    0     0     4 1080   72  2  0 98  0  0
 1  0  67592 64053172   6936 684656    0    0     0     0 1129   66  2  0 98  0  0
 1  0  67592 64053172   6936 684656    0    0     0     0 1168  162  2  0 98  0  0
 1  0  67592 64053172   6936 684656    0    0     0     0 1129   66  2  0 98  0  0
 1  0  67592 64053172   6936 684656    0    0     0     9 1086   78  2  0 98  0  0
 1  0  67592 64053172   6936 684656    0    0     0     8 1153   86  2  0 98  0  0
 1  0  67592 64053172   6936 684656    0    0     0     0 1175  162  2  0 98  0  0
 1  0  67592 64053172   6936 684656    0    0     0     0 1130   66  2  0 98  0  0
 1  0  67592 64053172   6936 684656    0    0     0     0 1082   66  2  0 98  0  0
 1  0  67592 64053172   6936 684656    0    0     0     0 1131   70  2  0 98  0  0
 1  0  67592 64053172   6936 684656    0    0     0     8 1177  166  2  0 98  0  0
 1  0  67592 64053172   6936 684656    0    0     0     0 1127   66  2  0 98  0  0
 1  0  67592 64053172   6936 684656    0    0     0     0 1077   66  2  0 98  0  0
 1  0  67592 64053172   6936 684656    0    0     0     0 1125   66  2  0 98  0  0
 2  0  67592 64053172   6936 684656    0    0     0     0 1173  163  2  0 98  0  0
 1  0  67592 64053172   6936 684656    0    0     0     0 1145   77  2  0 98  0  0
 1  0  67592 64053172   6936 684656    0    0     0     8 1079   70  2  0 98  0  0
 1  0  67592 64053172   6936 684656    0    0     0     0 1129   68  2  0 98  0  0
 1  0  67592 64053172   6936 684656    0    0     0     0 1170  162  2  0 98  0  0
 1  0  67592 64053172   6936 684656    0    0     0     0 1128   68  2  0 98  0  0
 1  0  67592 64053172   6936 684656    0    0     0     0 1077   64  2  0 98  0  0
 1  0  67592 64053172   6936 684656    0    0     0     4 1127   70  2  0 98  0  0
 1  0  67592 64053172   6936 684656    0    0     0     0 1168  162  2  0 98  0  0
 1  0  67592 64053172   6936 684656    0    0     0     0 1125   66  2  0 98  0  0
 1  0  67592 64053172   6936 684656    0    0     0     0 1088   70  2  0 98  0  0
 1  0  67592 64053172   6936 684656    0    0     0     0 1132   70  2  0 98  0  0
 1  0  67592 64053172   6936 684656    0    0     0     0 1187  178  2  0 98  0  0
 1  0  67592 64053172   6936 684656    0    0     0     4 1135   74  2  0 98  0  0
 1  0  67592 64053172   6936 684656    0    0     0     0 1072   64  2  0 98  0  0
 1  0  67592 64053172   6936 684656    0    0     0     0 1127   68  2  0 98  0  0
 1  0  67592 64053172   6936 684656    0    0     0     0 1169  166  2  0 98  0  0
 1  0  67592 64053172   6936 684656    0    0     0     0 1129   66  2  0 98  0  0
 1  0  67592 64053172   6936 684656    0    0     0     4 1076   68  2  0 98  0  0
 1  0  67592 64053172   6936 684656    0    0     0     0 1125   66  2  0 98  0  0
 1  0  67592 64053172   6936 684656    0    0     0     8 1191  182  2  0 98  0  0
 1  0  67592 64053172   6936 684656    0    0     0     0 1131   70  2  0 98  0  0
 1  0  67592 64053172   6936 684656    0    0     0     0 1078   66  2  0 98  0  0
 1  0  67592 64053172   6936 684656    0    0     0     0 1125   66  2  0 98  0  0
 1  0  67592 64053172   6936 684656    0    0     0     4 1176  170  2  0 98  0  0
 1  0  67592 64053172   6936 684656    0    0     0     0 1125   68  2  0 98  0  0
 1  0  67592 64053172   6936 684656    0    0     0     0 1076   64  2  0 98  0  0
 1  0  67592 64053172   6936 684656    0    0     0     0 1146   80  2  0 98  0  0
 1  0  67592 64053172   6936 684656    0    0     0     0 1169  162  2  0 98  0  0
 1  0  67592 64053172   6936 684656    0    0     0     4 1128   70  2  0 98  0  0
 1  0  67592 64053172   6936 684656    0    0     0     0 1093   74  2  0 98  0  0
 1  0  67592 64053172   6936 684656    0    0     0     0 1130   68  2  0 98  0  0
 1  0  67592 64053172   6936 684656    0    0     0     0 1168  162  2  0 98  0  0
 1  0  67592 64053172   6936 684656    0    0     0     0 1129   66  2  0 98  0  0
 1  0  67592 64053172   6936 684656    0    0     0     0 1075   64  2  0 98  0  0
 1  0  67592 64053172   6936 684656    0    0     0     4 1129   76  2  0 98  0  0
 1  0  67592 64053172   6936 684656    0    0     0     0 1181  162  2  0 98  0  0
 1  0  67592 64053172   6936 684656    0    0     0     0 1127   66  2  0 98  0  0
 1  0  67592 64053172   6936 684656    0    0     0     0 1079   64  2  0 98  0  0
 1  0  67592 64053172   6936 684656    0    0     0     0 1123   66  2  0 98  0  0
 1  0  67592 64053172   6936 684656    0    0     0     8 1195  178  2  0 98  0  0
 1  0  67592 64053172   6936 684656    0    0     0     0 1128   66  2  0 98  0  0
 1  0  67592 64053172   6936 684656    0    0     0     0 1073   64  2  0 98  0  0
 1  0  67592 64053172   6936 684656    0    0     0     0 1128   66  2  0 98  0  0
 1  0  67592 64053172   6936 684656    0    0     0     0 1166  162  2  0 98  0  0
 1  0  67592 64053172   6936 684656    0    0     0     0 1129   68  2  0 98  0  0
 1  0  67592 64053172   6936 684656    0    0     0     8 1079   74  2  0 98  0  0
 1  0  67592 64053172   6936 684656    0    0     0     0 1128   66  2  0 98  0  0
 1  0  67592 64053172   6936 684656    0    0     0     0 1168  162  2  0 98  0  0
 1  0  67592 64053172   6936 684656    0    0     0     0 1128   66  2  0 98  0  0
 1  0  67592 64053172   6936 684656    0    0     0     7 1096   83  2  0 98  0  0
 1  0  67592 64053172   6936 684656    0    0     0     8 1136   74  2  0 98  0  0
 1  0  67592 64053172   6936 684656    0    0     0     0 1168  162  2  0 98  0  0
 1  0  67592 64053172   6936 684656    0    0     0     0 1127   66  2  0 98  0  0
 1  0  67592 64053172   6936 684656    0    0     0     0 1076   66  2  0 98  0  0
 1  0  67592 64053172   6936 684656    0    0     0     0 1130   70  2  0 98  0  0
 1  0  67592 64053172   6936 684656    0    0     0     4 1172  166  2  0 98  0  0
 1  0  67592 64053172   6936 684656    0    0     0     0 1131   66  2  0 98  0  0
 1  0  67592 64053172   6936 684656    0    0     0     0 1076   64  2  0 98  0  0
 1  0  67592 64053172   6936 684656    0    0     0     0 1126   66  2  0 98  0  0
 1  0  67592 64053172   6936 684656    0    0     0     0 1187  172  2  0 98  0  0
 1  0  67592 64053172   6936 684656    0    0     0     0 1132   68  2  0 98  0  0
 1  0  67592 64053172   6936 684656    0    0     0     4 1083   72  2  0 98  0  0
 1  0  67592 64053172   6936 684656    0    0     0     0 1125   68  2  0 98  0  0
 1  0  67592 64053172   6936 684656    0    0     0     0 1172  162  2  0 98  0  0
 1  0  67592 64053172   6936 684656    0    0     0     0 1127   68  2  0 98  0  0
 1  0  67592 64053172   6936 684656    0    0     0     0 1079   64  2  0 98  0  0
 1  0  67592 64053172   6936 684656    0    0     0     4 1125   70  2  0 98  0  0
 1  0  67592 64053172   6936 684656    0    0     0     0 1195  179  2  0 98  0  0
 1  0  67592 64053172   6936 684656    0    0     0     0 1156   83  2  0 98  0  0
 1  0  67592 64053172   6936 684656    0    0     0     0 1095   74  2  0 98  0  0
 1  0  67592 64053172   6936 684656    0    0     0     0 1127   66  2  0 98  0  0
 1  0  67592 64053172   6936 684656    0    0     0     0 1189  178  2  0 98  0  0
 1  0  67592 64053172   6936 684656    0    0     0     4 1135   74  2  0 98  0  0
 1  0  67592 64053172   6936 684656    0    0     0     0 1074   64  2  0 98  0  0
 1  0  67592 64053172   6936 684656    0    0     0     0 1129   72  2  0 98  0  0
 1  0  67592 64053172   6936 684656    0    0     0     0 1170  162  2  0 98  0  0
 1  0  67592 64053172   6936 684656    0    0     0     0 1127   66  2  0 98  0  0
 1  0  67592 64053172   6936 684656    0    0     0     4 1080   68  2  0 98  0  0
 1  0  67592 64053172   6936 684656    0    0     0     0 1124   66  2  0 98  0  0
 1  0  67592 64053172   6936 684656    0    0     0    10 1210  185  2  0 98  0  0
 1  0  67592 64053172   6936 684656    0    0     0     0 1137   70  2  0 98  0  0
 1  0  67592 64053172   6936 684656    0    0     0     0 1079   66  2  0 98  0  0
 1  0  67592 64053172   6936 684656    0    0     0     0 1127   66  2  0 98  0  0
 1  0  67592 64053172   6936 684656    0    0     0     4 1179  172  2  0 98  0  0
 1  0  67592 64053172   6936 684656    0    0     0     0 1130   68  2  0 98  0  0
 1  0  67592 64053172   6936 684656    0    0     0     0 1074   64  2  0 98  0  0
 1  0  67592 64053172   6936 684656    0    0     0     0 1148   80  2  0 98  0  0
 1  0  67592 64053172   6936 684656    0    0     0     0 1168  162  2  0 98  0  0
 1  0  67592 64053172   6936 684656    0    0     0    12 1192  118  2  0 98  0  0
 1  0  67592 64053172   6936 684656    0    0     0     0 1111   90  2  0 98  0  0
 1  0  67588 64058088   6936 684348    0    0     4    20 1666  568  2  0 98  0  0
 2  0  67588 64058120   6936 684328    0    0     0     0 1168  165  2  0 98  0  0
 1  0  67588 64058120   6936 684328    0    0     0     0 1131   68  2  0 98  0  0
 1  0  67588 64058120   6936 684328    0    0     0     0 1076   66  2  0 98  0  0
 1  0  67588 64058120   6936 684328    0    0     0    28 1136   82  2  0 98  0  0
 1  0  67588 64058120   6936 684328    0    0     0     0 1169  162  2  0 98  0  0
 1  0  67588 64058120   6936 684328    0    0     0     0 1126   66  2  0 98  0  0
 1  0  67588 64058120   6936 684328    0    0     0     0 1075   64  2  0 98  0  0
 1  0  67588 64058120   6936 684328    0    0     0     0 1127   68  2  0 98  0  0
 1  0  67588 64058120   6936 684328    0    0     0     8 1198  184  2  0 98  0  0
 1  0  67588 64058120   6936 684328    0    0     0     0 1131   66  2  0 98  0  0
 1  0  67588 64058120   6936 684328    0    0     0     0 1076   64  2  0 98  0  0
 1  0  67588 64058120   6936 684328    0    0     0     0 1126   66  2  0 98  0  0
 1  0  67588 64058120   6936 684328    0    0     0     0 1169  162  2  0 98  0  0
 1  0  67588 64058120   6936 684328    0    0     0     4 1130   72  2  0 98  0  0
 1  0  67588 64058120   6936 684328    0    0     0     0 1080   66  2  0 98  0  0
 1  0  67588 64058120   6936 684328    0    0     0     0 1122   66  2  0 98  0  0
 1  0  67588 64058120   6936 684328    0    0     0     0 1172  162  2  0 98  0  0
 1  0  67588 64058120   6936 684328    0    0     0     0 1124   66  2  0 98  0  0
 1  0  67588 64058120   6936 684328    0    0     0    14 1102   85  2  0 98  0  0
 1  0  67588 64058120   6936 684328    0    0     0     4 1133   74  2  0 98  0  0
 1  0  67588 64058120   6936 684328    0    0     0     0 1170  162  2  0 98  0  0
 1  0  67588 64058120   6936 684328    0    0     0     0 1128   66  2  0 98  0  0
 1  0  67588 64058120   6936 684328    0    0     0     0 1077   66  2  0 98  0  0
 1  0  67588 64058120   6936 684328    0    0     0     0 1131   70  2  0 98  0  0
 1  0  67588 64058120   6936 684328    0    0     0     4 1170  166  2  0 98  0  0
 1  0  67588 64058120   6936 684328    0    0     0     0 1129   66  2  0 98  0  0
 1  0  67588 64058120   6936 684328    0    0     0     0 1073   64  2  0 98  0  0
 1  0  67588 64058120   6936 684328    0    0     0     0 1129   66  2  0 98  0  0
 1  0  67588 64058120   6936 684328    0    0     0     0 1185  172  2  0 98  0  0
 1  0  67588 64058120   6936 684328    0    0     0     0 1130   66  2  0 98  0  0
 1  0  67588 64058120   6936 684328    0    0     0     4 1078   70  2  0 98  0  0
 1  0  67588 64058120   6936 684328    0    0     0     0 1129   70  2  0 98  0  0
 1  0  67588 64058120   6936 684328    0    0     0     0 1179  162  2  0 98  0  0
 1  0  67588 64058120   6936 684328    0    0     0     0 1127   68  2  0 98  0  0
 1  0  67588 64058120   6936 684328    0    0     0     0 1077   64  2  0 98  0  0
 1  0  67588 64058120   6936 684328    0    0     0     4 1126   70  2  0 98  0  0
 1  0  67588 64058120   6936 684328    0    0     0     0 1173  162  2  0 98  0  0
 1  0  67588 64058120   6936 684328    0    0     0     0 1126   66  2  0 98  0  0
 1  0  67588 64058120   6936 684328    0    0     0     0 1094   74  2  0 98  0  0
 1  0  67588 64058120   6936 684328    0    0     0     0 1126   66  2  0 98  0  0
 1  0  67588 64058120   6936 684328    0    0     0     0 1190  178  2  0 98  0  0
 1  0  67588 64058120   6936 684328    0    0     0     4 1132   72  2  0 98  0  0
 1  0  67588 64058120   6936 684328    0    0     0     0 1076   64  2  0 98  0  0
 1  0  67588 64058120   6936 684328    0    0     0     0 1126   68  2  0 98  0  0
 1  0  67588 64058120   6936 684328    0    0     0     0 1174  162  2  0 98  0  0
 1  0  67588 64058120   6936 684328    0    0     0     0 1126   66  2  0 98  0  0
 1  0  67588 64058120   6936 684328    0    0     0     8 1083   70  2  0 98  0  0
 1  0  67588 64058120   6936 684328    0    0     0     0 1122   66  2  0 98  0  0
 1  0  67588 64058120   6936 684328    0    0     0   112 1209  197  2  0 98  0  0
 1  0  67588 64058120   6936 684328    0    0     0     0 1130   70  2  0 98  0  0
 1  0  67588 64058312   6936 684152    0    0     0     0 1109   82  2  0 98  0  0
 1  0  67588 64058312   6936 684152    0    0     0     0 1147   80  2  0 98  0  0
 1  0  67588 64058312   6936 684152    0    0     0     8 1178  170  2  0 98  0  0
 1  0  67588 64058312   6936 684152    0    0     0     0 1129   66  2  0 98  0  0
 1  0  67588 64058312   6936 684152    0    0     0     0 1074   62  2  0 98  0  0
 1  0  67588 64058312   6936 684152    0    0     0     0 1125   64  2  0 98  0  0
 1  0  67588 64058312   6936 684152    0    0     0     0 1166  160  2  0 98  0  0
 1  0  67588 64058312   6936 684152    0    0     0     0 1127   64  2  0 98  0  0
 1  0  67588 64058312   6936 684152    0    0     0     8 1095   76  2  0 98  0  0
 1  0  67588 64058312   6936 684152    0    0     0     0 1126   66  2  0 98  0  0
 1  0  67588 64058312   6936 684152    0    0     0     0 1167  160  2  0 98  0  0
 1  0  67588 64058312   6936 684152    0    0     0     0 1127   64  2  0 98  0  0
 1  0  67588 64058312   6936 684152    0    0     0     0 1075   62  2  0 98  0  0
 0
