procs -----------memory---------- ---swap-- -----io---- -system-- ------cpu-----
 r  b   swpd   free   buff  cache   si   so    bi    bo   in   cs us sy id wa st
 0  1  74780 64171232   5080 631240    0    0    87   150    0    0  0  0 99  0  0
 1  0  74780 64007552   5084 668400    0    0 37324     0 1607   75  2  0 98  0  0
 1  0  74780 63852800   5084 703608    0    0 35200     0 1728  122  2  0 98  0  0
 1  0  74780 63713424   5084 734904    0    0 31360     0 1516   26  2  0 98  0  0
 1  0  74780 63604304   5084 759680    0    0 24480     0 1452   34  2  0 98  0  0
 1  0  74780 63598100   5084 759680    0    0     0     8 1042   34  2  0 98  0  0
 0  1  74780 63597604   6612 760108    0    0  1596    32 1814  917  2  0 98  0  0
 1  0  74780 63722196   6960 636532    0    0  1348  4816 1222  152  2  0 98  0  0
 1  0  74780 63722196   6960 636532    0    0     0     0 1083   24  2  0 98  0  0
 1  0  74780 63722196   6960 636532    0    0     0     0 1052   34  2  0 98  0  0
 1  0  74780 63722196   6960 636532    0    0     0     0 1181  122  2  0 98  0  0
 1  0  74780 63719284   6960 636532    0    0     0     4 1048   32  2  0 98  0  0
 1  0  74780 63719284   6960 636532    0    0     0     0 1083   26  2  0 98  0  0
 1  0  74780 63719284   6960 636532    0    0     0     0 1035   24  2  0 98  0  0
 1  0  74780 63719284   6960 636532    0    0     0     0 1174  120  2  0 98  0  0
 1  0  74780 63719284   6960 636532    0    0     0     0 1039   24  2  0 98  0  0
 1  0  74780 63719284   6960 636532    0    0     0     0 1082   26  2  0 98  0  0
 1  0  74780 63719284   6960 636532    0    0     0     4 1041   32  2  0 98  0  0
 1  0  74780 63719284   6960 636532    0    0     0     0 1174  120  2  0 98  0  0
 1  0  74780 63719284   6960 636532    0    0     0     0 1057   32  2  0 98  0  0
 1  0  74780 63719284   6960 636532    0    0     0     0 1083   26  2  0 98  0  0
 1  0  74780 63719268   6960 636532    0    0     0     0 1056   28  2  0 98  0  0
 1  0  74780 63719268   6960 636532    0    0     0     4 1185  126  2  0 98  0  0
 1  0  74780 63719268   6960 636532    0    0     0     0 1035   22  2  0 98  0  0
 1  0  74780 63719268   6960 636532    0    0     0     0 1081   24  2  0 98  0  0
 1  0  74780 63719268   6960 636532    0    0     0     0 1036   26  2  0 98  0  0
 1  0  74780 63719268   6960 636532    0    0     0     0 1179  122  2  0 98  0  0
 1  0  74780 63719268   6960 636532    0    0     0     0 1035   22  2  0 98  0  0
 1  0  74780 63719268   6960 636532    0    0     0     4 1087   30  2  0 98  0  0
 1  0  74780 63719268   6960 636532    0    0     0    20 1057   42  2  0 98  0  0
 1  0  74780 63719268   6960 636532    0    0     0     0 1191  126  2  0 98  0  0
 1  0  74780 63719252   6960 636532    0    0     0     0 1056   26  2  0 98  0  0
 1  0  74780 63719252   6960 636532    0    0     0     0 1083   24  2  0 98  0  0
 1  0  74780 63719252   6960 636532    0    0     0     0 1036   28  2  0 98  0  0
 1  0  74780 63719252   6960 636532    0    0     0     4 1180  124  2  0 98  0  0
 1  0  74780 63719252   6960 636532    0    0     0     0 1037   26  2  0 98  0  0
 1  0  74780 63719252   6960 636532    0    0     0   120 1143   26  2  0 98  0  0
 1  0  74780 63719252   6960 636532    0    0     0     0 1032   24  2  0 98  0  0
 1  0  74780 63719252   6960 636532    0    0     0     0 1177  120  2  0 98  0  0
 1  0  74780 63719252   6960 636532    0    0     0     0 1051   32  2  0 98  0  0
 1  0  74780 63719252   6960 636532    0    0     0     4 1090   30  2  0 98  0  0
 1  0  74780 63719236   6960 636532    0    0     0     4 1076   44  2  0 98  0  0
 1  0  74780 63719236   6960 636532    0    0     0     0 1184  126  2  0 98  0  0
 1  0  74780 63719236   6960 636532    0    0     0     0 1035   22  2  0 98  0  0
 1  0  74780 63719236   6960 636532    0    0     0     0 1080   24  2  0 98  0  0
 1  0  74780 63719236   6960 636532    0    0     0     0 1042   28  2  0 98  0  0
 1  0  74780 63719236   6960 636532    0    0     0     4 1179  126  2  0 98  0  0
 1  0  74780 63719236   6960 636532    0    0     0     0 1037   22  2  0 98  0  0
 1  0  74780 63719236   6960 636532    0    0     0     0 1079   24  2  0 98  0  0
 1  0  74780 63719236   6960 636532    0    0     0     0 1054   34  2  0 98  0  0
 1  0  74780 63719236   6960 636532    0    0     0     0 1180  122  2  0 98  0  0
 1  0  74780 63719220   6960 636532    0    0     0     0 1057   28  2  0 98  0  0
 1  0  74780 63719220   6960 636532    0    0     0     8 1088   30  2  0 98  0  0
 1  0  74780 63719220   6960 636532    0    0     0     0 1036   26  2  0 98  0  0
 1  0  74780 63719220   6960 636532    0    0     0     0 1178  120  2  0 98  0  0
 1  0  74780 63719220   6960 636532    0    0     0     0 1038   24  2  0 98  0  0
 1  0  74780 63719220   6960 636532    0    0     0     0 1084   26  2  0 98  0  0
 1  0  74780 63719220   6960 636532    0    0     0     0 1039   26  2  0 98  0  0
 1  0  74780 63719220   6960 636532    0    0     0     4 1177  124  2  0 98  0  0
 1  0  74780 63719220   6960 636532    0    0     0   161 1100   82  2  0 98  0  0
 1  0  74780 63719220   6960 636532    0    0     0     0 1136   76  2  0 98  0  0
 1  0  74780 63719328   6960 636532    0    0     0     0 1096   68  2  0 98  0  0
 1  0  74780 63719328   6960 636532    0    0     0     0 1217  160  2  0 98  0  0
 1  0  74780 63719328   6960 636532    0    0     0     0 1080   66  2  0 98  0  0
 1  0  74780 63719328   6960 636532    0    0     0     4 1124   68  2  0 98  0  0
 1  0  74780 63719328   6960 636532    0    0     0     0 1075   64  2  0 98  0  0
 1  0  74780 63719328   6960 636532    0    0     0     0 1219  162  2  0 98  0  0
 1  0  74780 63719328   6960 636532    0    0     0     0 1073   62  2  0 98  0  0
 1  0  74780 63719328   6960 636532    0    0     0     0 1123   64  2  0 98  0  0
 1  0  74780 63719328   6960 636532    0    0     0     0 1092   76  2  0 98  0  0
 1  0  74780 63719328   6960 636532    0    0     0     4 1229  164  2  0 98  0  0
 1  0  74780 63719312   6960 636532    0    0     0    12 1104   66  2  0 98  0  0
 1  0  74780 63719312   6960 636532    0    0     0     0 1128   64  2  0 98  0  0
 1  0  74780 63719312   6960 636532    0    0     0     0 1075   64  2  0 98  0  0
 1  0  74780 63719312   6960 636532    0    0     0     0 1222  160  2  0 98  0  0
 1  0  74780 63719312   6960 636532    0    0     0     0 1077   64  2  0 98  0  0
 1  0  74780 63719312   6960 636532    0    0     0     4 1124   68  2  0 98  0  0
 1  0  74780 63719312   6960 636532    0    0     0     0 1078   66  2  0 98  0  0
 1  0  74780 63719312   6960 636532    0    0     0     0 1215  160  2  0 98  0  0
 1  0  74780 63719312   6960 636532    0    0     0     0 1093   72  2  0 98  0  0
 1  0  74780 63719312   6960 636532    0    0     0     0 1125   64  2  0 98  0  0
 1  0  74780 63719296   6960 636532    0    0     0     0 1095   68  2  0 98  0  0
 1  0  74780 63719296   6960 636532    0    0     0     4 1220  164  2  0 98  0  0
 1  0  74780 63719296   6960 636532    0    0     0     0 1074   62  2  0 98  0  0
 1  0  74780 63719296   6960 636532    0    0     0     0 1121   64  2  0 98  0  0
 1  0  74780 63719296   6960 636532    0    0     0     0 1074   64  2  0 98  0  0
 1  0  74780 63719296   6960 636532    0    0     0     0 1215  160  2  0 98  0  0
 1  0  74780 63719296   6960 636532    0    0     0     0 1080   64  2  0 98  0  0
 1  0  74780 63719296   6960 636532    0    0     0     4 1123   70  2  0 98  0  0
 1  0  74780 63719296   6960 636532    0    0     0    17 1110   90  2  0 98  0  0
 1  0  74780 63719296   6960 636532    0    0     0     0 1221  164  2  0 98  0  0
 1  0  74780 63719280   6960 636532    0    0     0     0 1095   64  2  0 98  0  0
 1  0  74780 63719280   6960 636532    0    0     0     0 1122   66  2  0 98  0  0
 1  0  74780 63719280   6960 636532    0    0     0     0 1079   68  2  0 98  0  0
 1  0  74780 63719280   6960 636532    0    0     0     4 1219  164  2  0 98  0  0
 1  0  74780 63719280   6960 636532    0    0     0     0 1075   62  2  0 98  0  0
 1  0  74780 63719280   6960 636532    0    0     0     0 1121   64  2  0 98  0  0
 1  0  74780 63719280   6960 636532    0    0     0     0 1074   64  2  0 98  0  0
 1  0  74780 63719280   6960 636532    0    0     0     0 1220  160  2  0 98  0  0
 1  0  74780 63719280   6960 636532    0    0     0     0 1100   76  2  0 98  0  0
 1  0  74780 63719280   6960 636532    0    0     0     8 1129   70  2  0 98  0  0
 1  0  74780 63719264   6960 636532    0    0     0     0 1115   84  2  0 98  0  0
 1  0  74780 63719264   6960 636532    0    0     0     0 1220  162  2  0 98  0  0
 1  0  74780 63719264   6960 636532    0    0     0     0 1074   62  2  0 98  0  0
 1  0  74780 63719264   6960 636532    0    0     0     0 1124   66  2  0 98  0  0
 1  0  74780 63719264   6960 636532    0    0     0     0 1076   66  2  0 98  0  0
 1  0  74780 63719264   6960 636532    0    0     0     4 1220  164  2  0 98  0  0
 1  0  74780 63719264   6960 636532    0    0     0     0 1077   62  2  0 98  0  0
 1  0  74780 63719264   6960 636532    0    0     0     0 1123   64  2  0 98  0  0
 1  0  74780 63719264   6960 636532    0    0     0     0 1090   74  2  0 98  0  0
 1  0  74780 63719264   6960 636532    0    0     0     0 1220  160  2  0 98  0  0
 1  0  74780 63719248   6960 636532    0    0     0     0 1093   66  2  0 98  0  0
 1  0  74780 63719248   6960 636532    0    0     0     4 1128   68  2  0 98  0  0
 1  0  74780 63719248   6960 636532    0    0     0     0 1071   64  2  0 98  0  0
 1  0  74780 63719248   6960 636532    0    0     0     0 1229  160  2  0 98  0  0
 1  0  74780 63719248   6960 636532    0    0     0     0 1081   62  2  0 98  0  0
 1  0  74780 63719248   6960 636532    0    0     0     0 1128   64  2  0 98  0  0
 1  0  74780 63719248   6960 636532    0    0     0     0 1082   66  2  0 98  0  0
 1  0  74780 63719248   6960 636532    0    0     0     4 1220  164  2  0 98  0  0
 1  0  74780 63719248   6960 636532    0    0     0     8 1101   82  2  0 98  0  0
 1  0  74780 63719248   6960 636532    0    0     0     0 1125   68  2  0 98  0  0
 1  0  74780 63719232   6960 636532    0    0     0     0 1094   66  2  0 98  0  0
 1  0  74780 63719232   6960 636532    0    0     0     0 1216  160  2  0 98  0  0
 1  0  74780 63719232   6960 636532    0    0     0     0 1078   66  2  0 98  0  0
 1  0  74780 63719232   6960 636532    0    0     0     4 1126   68  2  0 98  0  0
 1  0  74780 63719232   6960 636532    0    0     0     0 1074   64  2  0 98  0  0
 1  0  74780 63719232   6960 636532    0    0     0     0 1246  174  2  0 98  0  0
 1  0  74780 63719232   6960 636532    0    0     0     0 1077   64  2  0 98  0  0
 1  0  74780 63719232   6960 636532    0    0     0     0 1121   64  2  0 98  0  0
 1  0  74780 63719232   6960 636532    0    0     0     0 1095   76  2  0 98  0  0
 1  0  74780 63719232   6960 636532    0    0     0     4 1220  164  2  0 98  0  0
 1  0  74780 63719216   6960 636532    0    0     0     0 1095   64  2  0 98  0  0
 1  0  74780 63719216   6960 636532    0    0     0     0 1122   64  2  0 98  0  0
 1  0  74780 63719216   6960 636532    0    0     0     0 1078   64  2  0 98  0  0
 1  0  74780 63719216   6960 636532    0    0     0     0 1213  160  2  0 98  0  0
 1  0  74780 63719216   6960 636532    0    0     0     0 1080   64  2  0 98  0  0
 1  0  74780 63719216   6960 636532    0    0     0     4 1120   66  2  0 98  0  0
 1  0  74780 63719216   6960 636532    0    0     0     0 1075   62  2  0 98  0  0
 1  0  74780 63719216   6960 636532    0    0     0     0 1216  162  2  0 98  0  0
 1  0  74780 63719216   6960 636532    0    0     0     0 1095   72  2  0 98  0  0
 1  0  74780 63719216   6960 636532    0    0     0     0 1123   64  2  0 98  0  0
 1  0  74780 63719324   6960 636532    0    0     0     0 1093   66  2  0 98  0  0
 1  0  74780 63719324   6960 636532    0    0     0     4 1225  166  2  0 98  0  0
 1  0  74780 63719324   6960 636532    0    0     0     0 1072   62  2  0 98  0  0
 1  0  74780 63719324   6960 636532    0    0     0     0 1122   64  2  0 98  0  0
 1  0  74780 63719324   6960 636532    0    0     0     0 1073   62  2  0 98  0  0
 1  0  74780 63719324   6960 636532    0    0     0     0 1215  162  2  0 98  0  0
 1  0  74780 63719324   6960 636532    0    0     0     0 1078   64  2  0 98  0  0
 1  0  74780 63719324   6960 636532    0    0     0     8 1126   70  2  0 98  0  0
 1  0  74780 63719324   6960 636532    0    0     0     7 1095   80  2  0 98  0  0
 1  0  74780 63719324   6960 636532    0    0     0     0 1220  164  2  0 98  0  0
 1  0  74780 63719308   6960 636532    0    0     0     0 1097   66  2  0 98  0  0
 1  0  74780 63719308   6960 636532    0    0     0     0 1127   66  2  0 98  0  0
 1  0  74780 63719308   6960 636532    0    0     0     0 1072   64  2  0 98  0  0
 1  0  74780 63719308   6960 636532    0    0     0     4 1224  168  2  0 98  0  0
 1  0  74780 63719308   6960 636532    0    0     0     0 1073   62  2  0 98  0  0
 1  0  74780 63719308   6960 636532    0    0     0     0 1123   64  2  0 98  0  0
 1  0  74780 63719308   6960 636532    0    0     0     0 1072   62  2  0 98  0  0
 1  0  74780 63719308   6960 636532    0    0     0     0 1231  162  2  0 98  0  0
 1  0  74780 63719308   6960 636532    0    0     0     0 1096   74  2  0 98  0  0
 1  0  74780 63719308   6960 636532    0    0     0     4 1130   68  2  0 98  0  0
 1  0  74780 63719292   6960 636532    0    0     0     0 1108   76  2  0 98  0  0
 1  0  74780 63719292   6960 636532    0    0     0     0 1219  164  2  0 98  0  0
 1  0  74780 63719292   6960 636532    0    0     0     0 1078   64  2  0 98  0  0
 1  0  74780 63719292   6960 636532    0    0     0     0 1120   64  2  0 98  0  0
 1  0  74780 63719292   6960 636532    0    0     0     0 1079   66  2  0 98  0  0
 1  0  74780 63719292   6960 636532    0    0     0     4 1219  166  2  0 98  0  0
 1  0  74780 63719292   6960 636532    0    0     0     0 1074   62  2  0 98  0  0
 1  0  74780 63719292   6960 636532    0    0     0     0 1123   64  2  0 98  0  0
 1  0  74780 63719292   6960 636532    0    0     0     0 1091   72  2  0 98  0  0
 1  0  74780 63719292   6960 636532    0    0     0     0 1218  162  2  0 98  0  0
 2  0  74780 63717536   6960 636532    0    0     0     0 1090   65  2  0 98  0  0
 1  0  74780 63719276   6960 636532    0    0     0     4 1131   69  2  0 98  0  0
 1  0  74780 63719276   6960 636532    0    0     0     0 1074   62  2  0 98  0  0
 1  0  74780 63719276   6960 636532    0    0     0     0 1216  164  2  0 98  0  0
 1  0  74780 63719276   6960 636532    0    0     0     0 1089   73  2  0 98  0  0
 1  0  74780 63719276   6960 636532    0    0     0     0 1119   64  2  0 98  0  0
 1  0  74780 63719276   6960 636532    0    0     0     0 1096   78  2  0 98  0  0
 1  0  74780 63719276   6960 636532    0    0     0     4 1168  164  2  0 98  0  0
 1  0  74780 63719276   6960 636532    0    0     0    18 1146   78  2  0 98  0  0
 1  0  74780 63719276   6960 636532    0    0     0     1 1088   84  2  0 98  0  0
 2  0  74780 63719272   6960 636532    0    0     0     0 1132   67  2  0 98  0  0
 1  0  74780 63719260   6960 636532    0    0     0     0 1182  161  2  0 98  0  0
 1  0  74780 63719260   6960 636532    0    0     0     0 1128   66  2  0 98  0  0
 1  0  74780 63719260   6960 636532    0    0     0     4 1076   68  2  0 98  0  0
 1  0  74780 63719260   6960 636532    0    0     0     0 1123   64  2  0 98  0  0
 1  0  74780 63719260   6960 636532    0    0     0     0 1169  160  2  0 98  0  0
 1  0  74780 63721416   6960 633996    0    0     0     0 1281  108  2  0 98  0  0
 1  0  74780 63721416   6960 633996    0    0     0     0 1073   67  2  0 98  0  0
 1  0  74780 63721416   6960 633996    0    0     0     0 1145   78  2  0 98  0  0
 1  0  74780 63721416   6960 633996    0    0     0     4 1172  164  2  0 98  0  0
 1  0  74780 63721416   6960 633996    0    0     0     0 1124   64  2  0 98  0  0
 1  0  74780 63720416   6960 633996    0    0     0     0 1092   66  2  0 98  0  0
 1  0  74780 63720416   6960 633996    0    0     0     0 1122   64  2  0 98  0  0
 1  0  74780 63720416   6960 633996    0    0     0     0 1167  160  2  0 98  0  0
 1  0  74780 63720416   6960 633996    0    0     0     0 1129   66  2  0 98  0  0
 1  0  74780 63720416   6960 633996    0    0     0     8 1078   68  2  0 98  0  0
 1  0  74780 63720416   6960 633996    0    0     0     0 1121   64  2  0 98  0  0
 1  0  74780 63720416   6960 633996    0    0     0     0 1169  160  2  0 98  0  0
 1  0  74780 63720416   6960 633996    0    0     0     0 1141   74  2  0 98  0  0
 1  0  74780 63720416   6960 633996    0    0     0     0 1096   76  2  0 98  0  0
 1  0  74780 63720416   6960 633996    0    0     0     0 1122   66  2  0 98  0  0
 1  0  74780 63720400   6960 633996    0    0     0     4 1200  166  2  0 98  0  0
 1  0  74780 63720400   6960 633996    0    0     0     0 1134   64  2  0 98  0  0
 1  0  74780 63720400   6960 633996    0    0     0     0 1071   62  2  0 98  0  0
 1  0  74780 63720400   6960 633996    0    0     0     0 1123   64  2  0 98  0  0
 1  0  74780 63720400   6960 633996    0    0     0     0 1166  160  2  0 98  0  0
 1  0  74780 63720400   6960 633996    0    0     0     0 1128   66  2  0 98  0  0
 1  0  74780 63720400   6960 633996    0    0     0     4 1071   66  2  0 98  0  0
 1  0  74780 63720400   6960 633996    0    0     0     0 1146   78  2  0 98  0  0
 1  0  74780 63720400   6960 633996    0    0     0     7 1173  171  2  0 98  0  0
 1  0  74780 63720400   6960 633996    0    0     0     0 1127   69  2  0 98  0  0
 1  0  74780 63720384   6960 633996    0    0     0     0 1093   66  2  0 98  0  0
 1  0  74780 63720384   6960 633996    0    0     0     0 1123   66  2  0 98  0  0
 1  0  74780 63720384   6960 633996    0    0     0     4 1171  168  2  0 98  0  0
 1  0  74780 63720384   6960 633996    0    0     0     0 1124   64  2  0 98  0  0
 1  0  74780 63720384   6960 633996    0    0     0     0 1076   66  2  0 98  0  0
 1  0  74780 63720384   6960 633996    0    0     0     0 1125   64  2  0 98  0  0
 1  0  74780 63720384   6960 633996    0    0     0     0 1163  160  2  0 98  0  0
 1  0  74780 63720384   6960 633996    0    0     0     0 1151   78  2  0 98  0  0
 1  0  74780 63720384   6960 633996    0    0     0     4 1073   66  2  0 98  0  0
 1  0  74780 63720384   6960 633996    0    0     0     0 1148   84  2  0 98  0  0
 1  0  74780 63720492   6960 633996    0    0     0     0 1184  164  2  0 98  0  0
 1  0  74780 63720492   6960 633996    0    0     0     0 1126   64  2  0 98  0  0
 1  0  74780 63720492   6960 633996    0    0     0     0 1069   62  2  0 98  0  0
 1  0  74780 63720492   6960 633996    0    0     0     0 1127   66  2  0 98  0  0
 1  0  74780 63720492   6960 633996    0    0     0     4 1170  164  2  0 98  0  0
 1  0  74780 63720492   6960 633996    0    0     0     0 1122   64  2  0 98  0  0
 1  0  74780 63720492   6960 633996    0    0     0     0 1071   62  2  0 98  0  0
 1  0  74780 63720492   6960 633996    0    0     0     0 1143   78  2  0 98  0  0
 1  0  74780 63720492   6960 633996    0    0     0     0 1170  160  2  0 98  0  0
 1  0  74780 63720492   6960 633996    0    0     0     0 1123   66  2  0 98  0  0
 1  0  74780 63720476   6960 633996    0    0     0     4 1095   68  2  0 98  0  0
 1  0  74780 63720476   6960 633996    0    0     0     0 1121   64  2  0 98  0  0
 1  0  74780 63720476   6960 633996    0    0     0     0 1165  160  2  0 98  0  0
 1  0  74780 63720476   6960 633996    0    0     0     0 1124   64  2  0 98  0  0
 1  0  74780 63720476   6960 633996    0    0     0     0 1070   62  2  0 98  0  0
 1  0  74780 63720476   6960 633996    0    0     0     0 1124   66  2  0 98  0  0
 1  0  74780 63720476   6960 633996    0    0     0     4 1170  164  2  0 98  0  0
 1  0  74780 63720476   6960 633996    0    0     0     0 1147   78  2  0 98  0  0
 1  0  74780 63720476   6960 633996    0    0     0    18 1087   80  2  0 98  0  0
 1  0  74780 63720476   6960 633996    0    0     0     0 1122   70  2  0 98  0  0
 1  0  74780 63720460   6960 633996    0    0     0     0 1190  162  2  0 98  0  0
 1  0  74780 63720460   6960 633996    0    0     0     0 1122   66  2  0 98  0  0
 1  0  74780 63720460   6960 633996    0    0     0     4 1077   68  2  0 98  0  0
 1  0  74780 63720460   6960 633996    0    0     0     0 1138   76  2  0 98  0  0
 1  0  74780 63720460   6960 633996    0    0     0     0 1177  160  2  0 98  0  0
 1  0  74780 63720460   6960 633996    0    0     0     0 1129   66  2  0 98  0  0
 1  0  74780 63720460   6960 633996    0    0     0     0 1068   62  2  0 98  0  0
 1  0  74780 63720460   6960 633996    0    0     0     0 1148   80  2  0 98  0  0
 1  0  74780 63720460   6960 633996    0    0     0     8 1170  164  2  0 98  0  0
 1  0  74780 63720460   6960 633996    0    0     0     0 1124   64  2  0 98  0  0
 1  0  74780 63720444   6960 633996    0    0     0     0 1089   64  2  0 98  0  0
 1  0  74780 63720444   6960 633996    0    0     0     0 1123   66  2  0 98  0  0
 1  0  74780 63720444   6960 633996    0    0     0     0 1166  158  2  0 98  0  0
 1  0  74780 63720444   6960 633996    0    0     0     0 1125   66  2  0 98  0  0
 1  0  74780 63720444   6960 633996    0    0     0     4 1075   66  2  0 98  0  0
 1  0  74780 63720444   6960 633996    0    0     0     0 1123   66  2  0 98  0  0
 1  0  74780 63720444   6960 633996    0    0     0     0 1165  158  2  0 98  0  0
 1  0  74780 63720444   6960 633996    0    0     0     0 1146   76  2  0 98  0  0
 1  0  74780 63720444   6960 633996    0    0     0     0 1072   62  2  0 98  0  0
 1  0  74780 63720444   6960 633996    0    0     0     0 1126   68  2  0 98  0  0
 2  0  74780 63720428   6960 633996    0    0     0     4 1187  164  2  0 98  0  0
 1  0  74780 63720428   6960 633996    0    0     0     0 1126   66  2  0 98  0  0
 1  0  74780 63720428   6960 633996    0    0     0     0 1073   62  2  0 98  0  0
 1  0  74780 63720428   6960 633996    0    0     0     0 1126   66  2  0 98  0  0
 1  0  74780 63720428   6960 633996    0    0     0     0 1165  158  2  0 98  0  0
 1  0  74780 63720428   6960 633996    0    0     0     0 1127   66  2  0 98  0  0
 1  0  74780 63720428   6960 633996    0    0     0     4 1074   66  2  0 98  0  0
 1  0  74780 63720428   6960 633996    0    0     0     0 1145   78  2  0 98  0  0
 1  0  74780 63720428   6960 633996    0    0     0     7 1187  178  2  0 98  0  0
 1  0  74780 63720428   6960 633996    0    0     0     0 1126   68  2  0 98  0  0
 1  0  74780 63720412   6960 633996    0    0     0     0 1095   66  2  0 98  0  0
 1  0  74780 63720412   6960 633996    0    0     0     0 1123   68  2  0 98  0  0
 1  0  74780 63720412   6960 633996    0    0     0     4 1178  168  2  0 98  0  0
 1  0  74780 63720412   6960 633996    0    0     0     0 1123   64  2  0 98  0  0
 1  0  74780 63720412   6960 633996    0    0     0     0 1073   62  2  0 98  0  0
 1  0  74780 63720412   6960 633996    0    0     0     0 1123   66  2  0 98  0  0
 1  0  74780 63720412   6960 633996    0    0     0     0 1165  158  2  0 98  0  0
 1  0  74780 63720412   6960 633996    0    0     0     0 1146   76  2  0 98  0  0
 1  0  74780 63720412   6960 633996    0    0     0     4 1073   66  2  0 98  0  0
 1  0  74780 63720412   6960 633996    0    0     0     0 1142   84  2  0 98  0  0
 1  0  74780 63720404   6960 633996    0    0     0     0 1177  162  2  0 98  0  0
 1  0  74780 63720404   6960 633996    0    0     0     0 1125   64  2  0 98  0  0
 1  0  74780 63720404   6960 633996    0    0     0     0 1073   64  2  0 98  0  0
 1  0  74780 63720404   6960 633996    0    0     0     0 1125   68  2  0 98  0  0
 1  0  74780 63720404   6960 633996    0    0     0     4 1178  162  2  0 98  0  0
 1  0  74780 63720404   6960 633996    0    0     0     0 1132   64  2  0 98  0  0
 1  0  74780 63720404   6960 633996    0    0     0     0 1076   64  2  0 98  0  0
 1  0  74780 63720404   6960 633996    0    0     0     0 1148   76  2  0 98  0  0
 1  0  74780 63720404   6960 633996    0    0     0     0 1167  158  2  0 98  0  0
 1  0  74780 63720404   6960 633996    0    0     0     0 1130   66  2  0 98  0  0
 1  0  74780 63720404   6960 633996    0    0     0     4 1076   68  2  0 98  0  0
 1  0  74780 63720404   6960 633996    0    0     0     0 1125   66  2  0 98  0  0
 1  0  74780 63720404   6960 633996    0    0     0     0 1165  158  2  0 98  0  0
 1  0  74780 63720404   6960 633996    0    0     0     0 1127   66  2  0 98  0  0
 1  0  74780 63720404   6960 633996    0    0     0     0 1070   62  2  0 98  0  0
 1  0  74780 63720404   6960 633996    0    0     0     0 1126   68  2  0 98  0  0
 1  0  74780 63720404   6960 633996    0    0     0     8 1174  166  2  0 98  0  0
 1  0  74780 63720404   6960 633996    0    0     0     0 1141   74  2  0 98  0  0
