procs -----------memory---------- ---swap-- -----io---- -system-- ------cpu-----
 r  b   swpd   free   buff  cache   si   so    bi    bo   in   cs us sy id wa st
 0  1  74396 64155604   5164 635368    0    0    87   150    0    0  0  0 99  0  0
 1  0  74396 64124472   7152 641856    0    0  3698  2052 1213  603  1  0 98  0  0
 1  0  74396 64124472   7152 641856    0    0     0     0 1061   24  2  0 98  0  0
 1  0  74396 64124472   7152 641856    0    0     0     4 1108   77  2  0 98  0  0
 1  0  74396 64124472   7152 641856    0    0     0     0 1058   23  2  0 98  0  0
 1  0  74396 64124472   7152 641856    0    0     0     0 1105   70  2  0 98  0  0
 1  0  74396 64124472   7152 641856    0    0     0     2 1073   32  2  0 98  0  0
 1  0  74396 64124472   7152 641856    0    0     0     0 1107   71  2  0 98  0  0
 1  0  74396 64124472   7152 641856    0    0     0     0 1059   25  2  0 98  0  0
 1  0  74396 64124472   7152 641856    0    0     0     2 1110   74  2  0 98  0  0
 1  0  74396 64124472   7152 641856    0    0     0     0 1070   31  2  0 98  0  0
 1  0  74396 64124472   7152 641856    0    0     0     8 1122   83  2  0 98  0  0
 1  0  74396 64124472   7152 641856    0    0     0     2 1062   26  2  0 98  0  0
 1  0  74396 64124472   7152 641856    0    0     0     0 1105   73  2  0 98  0  0
 1  0  74396 64124472   7152 641856    0    0     0     0 1060   23  2  0 98  0  0
 1  0  74396 64124472   7152 641856    0    0     0     2 1107   73  2  0 98  0  0
 2  0  74396 64124472   7152 641856    0    0     0   104 1096   30  2  0 98  0  0
 1  0  74396 64124472   7152 641856    0    0     0     0 1105   71  2  0 98  0  0
 1  0  74396 64124472   7152 641856    0    0     0     4 1062   28  2  0 98  0  0
 1  0  74396 64124472   7152 641856    0    0     0     0 1105   71  2  0 98  0  0
 1  0  74396 64124472   7152 641856    0    0     0     0 1059   23  2  0 98  0  0
 1  0  74396 64124472   7152 641856    0    0     0     2 1120   80  2  0 98  0  0
 1  0  74396 64124472   7152 641856    0    0     0     0 1059   23  2  0 98  0  0
 1  0  74396 64121876   7152 641856    0    0     0     0 1110   72  2  0 98  0  0
 1  0  74396 64121876   7152 641856    0    0     0     2 1068   32  2  0 98  0  0
 1  0  74396 64121876   7152 641856    0    0     0     0 1103   70  2  0 98  0  0
 1  0  74396 64121876   7152 641856    0    0    16   165 1122   84  2  0 98  0  0
 1  0  74396 64121876   7152 641856    0    0     0     2 1149  114  2  0 98  0  0
 1  0  74396 64121592   7152 641856    0    0     0     0 1106   66  2  0 98  0  0
 1  0  74396 64121592   7152 641856    0    0     0     0 1144  109  2  0 98  0  0
 1  0  74396 64121592   7152 641856    0    0     0     2 1100   66  2  0 98  0  0
 1  0  74396 64121592   7152 641856    0    0     0     0 1162  116  2  0 98  0  0
 2  0  74396 64121592   7152 641856    0    0     0     0 1099   63  2  0 98  0  0
 1  0  74396 64121592   7152 641856    0    0     0     8 1151  117  2  0 98  0  0
 1  0  74396 64121592   7152 641856    0    0     0     0 1097   62  2  0 98  0  0
 1  0  74396 64121592   7152 641856    0    0     0     0 1146  111  2  0 98  0  0
 1  0  74396 64121592   7152 641856    0    0     0     2 1114   72  2  0 98  0  0
 1  0  74396 64121592   7152 641856    0    0     0     0 1147  112  2  0 98  0  0
 1  0  74396 64121592   7152 641856    0    0     0     0 1098   63  2  0 98  0  0
 1  0  74396 64121592   7152 641856    0    0     0     2 1147  115  2  0 98  0  0
 1  0  74396 64121592   7152 641856    0    0     0     0 1107   71  2  0 98  0  0
 1  0  74396 64121592   7152 641856    0    0     0     1 1159  123  2  0 98  0  0
 1  0  74396 64121592   7152 641856    0    0     0     2 1104   67  2  0 98  0  0
 1  0  74396 64121592   7152 641856    0    0     0     0 1146  113  2  0 98  0  0
 1  0  74396 64121592   7152 641856    0    0     0     0 1110   74  2  0 98  0  0
 1  0  74396 64121592   7152 641856    0    0     0     2 1146  114  2  0 98  0  0
 1  0  74396 64121592   7152 641856    0    0     0     0 1108   67  2  0 98  0  0
 1  0  74396 64121592   7152 641856    0    0     0     0 1146  111  2  0 98  0  0
 1  0  74396 64121592   7152 641856    0    0     0     4 1102   68  2  0 98  0  0
 1  0  74396 64121592   7152 641856    0    0     0     0 1160  118  2  0 98  0  0
 1  0  74396 64122020   7152 641664    0    0     0     0 1175   82  2  0 98  0  0
 1  0  74396 64122144   7152 641664    0    0     0     2 1161  122  2  0 98  0  0
 1  0  74396 64122144   7152 641664    0    0     0     0 1103   62  2  0 98  0  0
 1  0  74396 64122144   7152 641664    0    0     0     0 1151  113  2  0 98  0  0
 1  0  74396 64122144   7152 641664    0    0     0     2 1100   65  2  0 98  0  0
 1  0  74396 64122144   7152 641664    0    0     0     0 1145  111  2  0 98  0  0
 1  0  74396 64122144   7152 641664    0    0     0     2 1113   74  2  0 98  0  0
 1  0  74396 64122144   7152 641664    0    0     0     2 1149  117  2  0 98  0  0
 1  0  74396 64122144   7152 641664    0    0     0     0 1100   65  2  0 98  0  0
 1  0  74396 64122144   7152 641664    0    0     0     0 1145  111  2  0 98  0  0
 1  0  74396 64122144   7152 641664    0    0     0     2 1100   65  2  0 98  0  0
 1  0  74396 64122144   7152 641664    0    0     0     0 1155  116  2  0 98  0  0
 1  0  74396 64122144   7152 641664    0    0     0     0 1098   63  2  0 98  0  0
 1  0  74396 64122144   7152 641664    0    0     0     2 1147  115  2  0 98  0  0
 1  0  74396 64122144   7152 641664    0    0     0     0 1100   63  2  0 98  0  0
 1  0  74396 64122144   7152 641664    0    0     0     0 1145  111  2  0 98  0  0
 1  0  74396 64122144   7152 641664    0    0     0     2 1110   70  2  0 98  0  0
 1  0  74396 64122144   7152 641664    0    0     0     0 1145  113  2  0 98  0  0
 1  0  74396 64122144   7152 641664    0    0     0     0 1099   63  2  0 98  0  0
 1  0  74396 64122144   7152 641664    0    0     0     2 1145  114  2  0 98  0  0
 1  0  74396 64122144   7152 641664    0    0     0     0 1107   70  2  0 98  0  0
 1  0  74396 64122144   7152 641664    0    0     0     5 1157  122  2  0 98  0  0
 1  0  74396 64122144   7152 641664    0    0     0     2 1104   67  2  0 98  0  0
 1  0  74396 64122144   7152 641664    0    0     0     0 1148  113  2  0 98  0  0
 1  0  74396 64122144   7152 641664    0    0     0     0 1105   63  2  0 98  0  0
 1  0  74396 64122144   7152 641664    0    0     0     2 1146  114  2  0 98  0  0
 1  0  74396 64122144   7152 641664    0    0     0     0 1111   69  2  0 98  0  0
 1  0  74396 64122144   7152 641664    0    0     0     0 1152  117  2  0 98  0  0
 1  0  74396 64122144   7152 641664    0    0     0     2 1103   68  2  0 98  0  0
 1  0  74396 64122144   7152 641664    0    0     0     0 1143  111  2  0 98  0  0
 1  0  74396 64122144   7152 641664    0    0     0     0 1102   63  2  0 98  0  0
 2  0  74396 64122144   7152 641664    0    0     0     2 1159  121  2  0 98  0  0
 1  0  74396 64122144   7152 641664    0    0     0     0 1098   63  2  0 98  0  0
 1  0  74396 64122144   7152 641664    0    0     0     0 1144  112  2  0 98  0  0
 1  0  74396 64122144   7152 641664    0    0     0     2 1100   65  2  0 98  0  0
 1  0  74396 64122144   7152 641664    0    0     0     0 1145  112  2  0 98  0  0
 1  0  74396 64122144   7152 641664    0    0     0     1 1117   78  2  0 98  0  0
 1  0  74396 64122144   7152 641664    0    0     0     2 1151  116  2  0 98  0  0
 1  0  74396 64122144   7152 641664    0    0     0     0 1099   65  2  0 98  0  0
 1  0  74396 64122144   7152 641664    0    0     0     0 1144  110  2  0 98  0  0
 1  0  74396 64122144   7152 641664    0    0     0     2 1102   67  2  0 98  0  0
 1  0  74396 64122144   7152 641664    0    0     0     0 1155  116  2  0 98  0  0
 1  0  74396 64122144   7152 641664    0    0     0     0 1098   63  2  0 98  0  0
 1  0  74396 64122144   7152 641664    0    0     0     2 1147  114  2  0 98  0  0
 1  0  74396 64122144   7152 641664    0    0     0     0 1099   63  2  0 98  0  0
 1  0  74396 64122144   7152 641664    0    0     0     0 1150  110  2  0 98  0  0
 1  0  74396 64122144   7152 641664    0    0     0     2 1120   72  2  0 98  0  0
 1  0  74396 64122144   7152 641664    0    0     0     0 1148  111  2  0 98  0  0
 2  0  74396 64122144   7152 641664    0    0     0     0 1098   64  2  0 98  0  0
 1  0  74396 64122144   7152 641664    0    0     0     4 1152  117  2  0 98  0  0
 1  0  74396 64122144   7152 641664    0    0     0     0 1115   77  2  0 98  0  0
 1  0  74396 64122144   7152 641664    0    0     0     2 1157  119  2  0 98  0  0
 1  0  74396 64122144   7152 641664    0    0     0     2 1105   68  2  0 98  0  0
 1  0  74396 64122144   7152 641664    0    0     0     0 1145  112  2  0 98  0  0
 1  0  74396 64122144   7152 641664    0    0     0     0 1099   64  2  0 98  0  0
 1  0  74396 64122144   7152 641664    0    0     0     2 1146  114  2  0 98  0  0
 1  0  74396 64122144   7152 641664    0    0     0     0 1108   68  2  0 98  0  0
 1  0  74396 64122144   7152 641664    0    0     0     0 1144  110  2  0 98  0  0
 1  0  74396 64122144   7152 641664    0    0     0     2 1102   68  2  0 98  0  0
 1  0  74396 64122144   7152 641664    0    0     0     0 1154  116  2  0 98  0  0
 1  0  74396 64122144   7152 641664    0    0     0     0 1100   64  2  0 98  0  0
 1  0  74396 64122144   7152 641664    0    0     0     2 1155  118  2  0 98  0  0
 1  0  74396 64122144   7152 641664    0    0     0     0 1101   63  2  0 98  0  0
 1  0  74396 64122144   7152 641664    0    0     0     0 1143  111  2  0 98  0  0
 1  0  74396 64122144   7152 641664    0    0     0     2 1101   66  2  0 98  0  0
 2  0  74396 64122144   7152 641664    0    0     0     0 1143  111  2  0 98  0  0
 1  0  74396 64122144   7152 641664    0    0     0     7 1114   76  2  0 98  0  0
 1  0  74396 64122144   7152 641664    0    0     0     2 1152  115  2  0 98  0  0
 1  0  74396 64122144   7152 641664    0    0     0     0 1102   65  2  0 98  0  0
 1  0  74396 64122144   7152 641664    0    0     0     0 1143  110  2  0 98  0  0
 1  0  74396 64122144   7152 641664    0    0     0     2 1101   66  2  0 98  0  0
 1  0  74396 64122144   7152 641664    0    0     0     0 1154  116  2  0 98  0  0
 1  0  74396 64122144   7152 641664    0    0     0     0 1100   63  2  0 98  0  0
 2  0  74396 64122144   7152 641664    0    0     0     2 1146  114  2  0 98  0  0
 1  0  74396 64122144   7152 641664    0    0     0     0 1100   64  2  0 98  0  0
 1  0  74396 64122144   7152 641664    0    0     0     0 1144  110  2  0 98  0  0
 1  0  74396 64122144   7152 641664    0    0     0     2 1111   71  2  0 98  0  0
 1  0  74396 64122144   7152 641664    0    0     0     0 1145  111  2  0 98  0  0
 1  0  74396 64122144   7152 641664    0    0     0     0 1098   64  2  0 98  0  0
 1  0  74396 64122144   7152 641664    0    0     0     2 1146  113  2  0 98  0  0
 1  0  74396 64122144   7152 641664    0    0     0     0 1108   71  2  0 98  0  0
 1  0  74396 64122144   7152 641664    0    0     0     1 1160  121  2  0 98  0  0
 1  0  74396 64122144   7152 641664    0    0     0     2 1103   69  2  0 98  0  0
 1  0  74396 64122144   7152 641664    0    0     0     0 1145  112  2  0 98  0  0
 1  0  74396 64122144   7152 641664    0    0     0     0 1099   63  2  0 98  0  0
 1  0  74396 64122144   7152 641664    0    0     0     2 1148  114  2  0 98  0  0
 1  0  74396 64122144   7152 641664    0    0     0     0 1110   69  2  0 98  0  0
 1  0  74396 64122144   7152 641664    0    0     0     0 1149  110  2  0 98  0  0
 1  0  74396 64122144   7152 641664    0    0     0     2 1109   67  2  0 98  0  0
 1  0  74396 64122144   7152 641664    0    0     0     0 1151  110  2  0 98  0  0
 2  0  74396 64122144   7152 641664    0    0     0     0 1098   63  2  0 98  0  0
 1  0  74396 64122144   7152 641664    0    0     0     2 1160  120  2  0 98  0  0
 1  0  74396 64122144   7152 641664    0    0     0     0 1098   63  2  0 98  0  0
 1  0  74396 64122144   7152 641664    0    0     0     0 1146  111  2  0 98  0  0
 1  0  74396 64122144   7152 641664    0    0     0     2 1101   66  2  0 98  0  0
 1  0  74396 64122144   7152 641664    0    0     0     0 1144  110  2  0 98  0  0
 1  0  74396 64122144   7152 641664    0    0     0     1 1113   73  2  0 98  0  0
 1  0  74396 64122144   7152 641664    0    0     0     4 1151  116  2  0 98  0  0
 1  0  74396 64122144   7152 641664    0    0     0     0 1100   65  2  0 98  0  0
 1  0  74396 64122144   7152 641664    0    0     0     0 1143  110  2  0 98  0  0
