228
7119825
14205663
14291431
25660591
25980383
19736165
26252012
20440219
32425792
23977051
29078209
32557029
25192100
35458387
30019366
29000915
41061450
29613045
28372431
43253787
30187567
31196661
34168367
40687943
37980328
33844909
33046253
34763905
34993767
43750573
42876452
39090902
35787582
40637303
42190886
47035167
49598799
42898288
32798703
41587710
45193205
46730696
53103246
50865386
36110789
32810002
38091989
47305346
55718497
60093095
39570798
35074463
33022290
34421160
56643426
66972447
44790969
38226867
35199625
34766938
40902334
59617897
62274695
40904332
38245234
38427368
42600853
41271540
60170216
45227112
42403433
42289843
44363366
43384258
41278018
49134786
46752437
45524863
44392912
46763685
42921746
39025670
51885076
49603183
47404635
56788672
54214109
43891858
39846310
56407734
53235403
58014646
58837528
51436870
42214085
35597409
55645204
61791342
62259649
58781964
44081355
41064295
39677567
57001835
65697239
69305118
48205708
44442892
44811464
43472614
56701184
76936477
51119089
49275993
48617568
44306111
46446256
61334422
70911933
54253378
51730920
46721372
50579091
51975705
61839175
57672197
54827012
50153889
54594512
54361773
47020722
57783238
57574945
54931396
53731521
58873625
54194244
39880349
54348155
59819554
58051322
61776377
65309970
44426808
40700727
53529817
59135505
62276295
63329660
57888439
46874247
43201077
43964984
66952546
66323256
63339047
53340133
47084826
41415193
48922537
71637727
72506857
55016687
50165846
46233496
46143115
53766318
80012514
57961985
53060288
51144235
50706855
54366661
49592442
75808532
56330324
55425960
54730095
56332890
52439595
56975896
63612193
59172252
56798278
56825475
57255234
53328544
52344396
63258285
60268101
59141639
63290157
60770087
45946156
52983072
61904225
62469383
68243977
69710208
51163314
45344539
48059868
65459301
69037833
68381220
62733656
49382730
45729950
51617765
72688995
67562917
72861137
53802964
51617730
49233118
49560826
72737549
77803438
58406633
57665869
54016181
49267741
54156303
86603759
62059672
59023922
55636109
53344602
58146605
64349400
68060796
65886424
57005496
56973860
62204326
58190334
57036736
66094113
60914563
59359560
63967211
63735335
59459868
48826157
68039837
66523192
64687577
64495722
69323968
47377540
51512037
68794632
66807622
70619467
74356169
55371269
51161098
48511702
63535117
74387725
73490877
70518687
56973105
50289085
47675703
73137502
76044112
74809467
62827468
56346669
51358524
56875306
69212420
84841754
60491212
59590364
59997282
58510556
60666851
82120476
65151407
63843915
65075597
61455860
62079055
68725041
61882232
71562158
64712493
62530262
66179031
63955099
60293131
63015171
71168899
64955229
69282545
69947957
65446058
54555786
64129059
68225351
72018158
75421903
76921721
57839655
53645327
55777706
76159054
74290643
85012212
63271572
56145975
52273007
60754823
82700946
90540142
66817398
61828542
58647583
57380289
62306592
81524984
83937609
67957839
64963298
57317843
60982837
64459804
102382609
75853857
71577868
69378933
66662992
70788842
80383702
83272432
74244876
72296641
73114206
72902361
80044222
64578645
80317336
73417193
73723324
81103752
72109767
74401575
59937369
77989277
78151167
80659185
76810944
81556098
61065324
59449227
80539059
81656028
78557028
91960103
63433664
64287471
63234173
78463169
84184682
95826413
72100140
69247990
64519051
61883893
83533597
100867400
73633555
69395203
62697088
70510467
77784048
66307680
91851481
68548873
58066010
55208022
58944806
59854067
65163888
65475352
64174954
66171010
86087497
84047307
92358857
82285802
90274580
90051413
88967058
87556089
101918391
73912367
85156007
92522132
90426962
98206470
91200907
92501656
77171836
86724038
87181218
98734090
99165476
101513413
78316201
77381739
80155226
99654796
100410931
110624546
81848091
70545109
69703240
79383175
96051060
105510864
75479751
72163292
73771488
73234119
79419141
115022480
76529348
80640930
75731153
74715680
78617696
77962028
107945699
75567795
65275805
60286431
65004577
65433246
70969611
72170450
72111353
61543693
64166224
69011012
60681378
51895390
67179596
62364247
64353081
65979877
6060329