procs -----------memory---------- ---swap-- -----io---- -system-- ------cpu-----
 r  b   swpd   free   buff  cache   si   so    bi    bo   in   cs us sy id wa st
 1  0 120148 63808304   5552 932424    0    0    45   182    0    0  1  0 99  0  0
 0  0 120148 63809060   5552 932436    0    0     0     9  154  132  0  0 100  0  0
 1  0 120148 63663356   5552 933452    0    0   368     0  965  377  1  0 99  0  0
 1  0 120148 63668280   5552 937728    0    0  1420   391 2063  852  1  0 98  1  0
 1  0 120148 63580780   5552 938380    0    0     1    18 1235  247  2  0 98  0  0
 1  0 120148 63761676   5552 942516    0    0   340   611 1764  687  2  0 98  0  0
 0  0 120148 63795564   5552 943784    0    0    76     0  947  183  1  0 98  0  0
 0  0 120148 63795564   5552 943784    0    0     0   829  119   98  0  0 100  0  0
 0  0 120148 63795564   5552 943784    0    0     0     4  140   97  0  0 100  0  0
 0  0 120148 63795564   5552 943784    0    0     0     0  110   86  0  0 100  0  0
 0  0 120148 63795564   5552 943784    0    0     0     4   99   59  0  0 100  0  0
 0  0 120148 63795564   5552 943784    0    0     0     0  121   89  0  0 100  0  0
 0  0 120148 63795564   5552 943784    0    0     0     4  131   90  0  0 100  0  0
 0  0 120148 63795564   5552 943784    0    0     0     0  109   85  0  0 100  0  0
 0  0 120148 63795564   5552 943784    0    0     0   135  108   77  0  0 100  0  0
 0  0 120148 63795564   5552 943784    0    0     0     0  115   88  0  0 100  0  0
 0  0 120148 63795564   5552 943784    0    0     0     4  130   90  0  0 100  0  0
 0  0 120148 63797524   5552 943892    0    0     0     0  168  101  0  0 100  0  0
 0  0 120148 63797852   5552 943892    0    0     0     5  106   63  0  0 100  0  0
 0  0 120148 63797852   5552 943892    0    0     0     4  112   88  0  0 100  0  0
 0  0 120148 63797852   5552 943892    0    0     0     0  128   88  0  0 100  0  0
 0  0 120148 63797852   5552 943892    0    0     0     4  125   98  0  0 100  0  0
 0  0 120148 63797852   5552 943892    0    0     0     0   97   55  0  0 100  0  0
 0  0 120148 63797852   5552 943892    0    0     0     4  111   87  0  0 100  0  0
 0  0 120148 63797852   5552 943892    0    0     0   170  143  118  0  0 100  0  0
 0  0 120148 63797852   5552 943892    0    0     0     4  122   93  0  0 100  0  0
 0  0 120148 63797852   5552 943892    0    0     0     0   98   56  0  0 100  0  0
 0  0 120148 63797852   5552 943892    0    0     0     4  112   87  0  0 100  0  0
 0  0 120148 63797852   5552 943892    0    0     0     0  133   90  0  0 100  0  0
 0  0 120148 63797852   5552 943892    0    0     0     4  112   89  0  0 100  0  0
 0  0 120148 63797852   5552 943892    0    0     0     0   96   55  0  0 100  0  0
 0  0 120148 63797852   5552 943892    0    0     0     4  118   92  0  0 100  0  0
 0  0 120148 63797852   5552 943892    0    0     0     0  128   87  0  0 100  0  0
 0  0 120148 63797852   5552 943892    0    0     0     7  112   89  0  0 100  0  0
 0  0 120148 63797852   5552 943892    0    0     0     3   97   57  0  0 100  0  0
 0  0 120148 63797852   5552 943892    0    0     0     4  118   93  0  0 100  0  0
 0  0 120148 63797852   5552 943892    0    0     0     0  127   86  0  0 100  0  0
 0  0 120148 63797852   5552 943892    0    0     0     4  119   93  0  0 100  0  0
 1  0 120148 63797852   5552 943892    0    0     0     0  101   57  0  0 100  0  0
 0  0 120148 63797852   5552 943892    0    0     0     4  119   90  0  0 100  0  0
 0  0 120148 63797852   5552 943892    0    0     0     0  128   87  0  0 100  0  0
 0  0 120148 63797852   5552 943892    0    0     0     4  125   98  0  0 100  0  0
 0  0 120148 63797852   5552 943892    0    0     0     0   96   53  0  0 100  0  0
 0  0 120148 63797852   5552 943892    0    0     0     4  113   89  0  0 100  0  0
 0  0 120148 63797852   5552 943892    0    0     0     3  128   89  0  0 100  0  0
 0  0 120148 63797852   5552 943892    0    0     0     4  119   93  0  0 100  0  0
 0  0 120148 63797852   5552 943892    0    0     0     0   94   53  0  0 100  0  0
 0  0 120148 63797852   5552 943892    0    0     0     5  114   90  0  0 100  0  0
 0  0 120148 63797852   5552 943892    0    0     0     0  132   89  0  0 100  0  0
 0  0 120148 63797852   5552 943892    0    0     0     5  113   90  0  0 100  0  0
 0  0 120148 63797852   5552 943892    0    0     0     0   95   54  0  0 100  0  0
 0  0 120148 63797852   5552 943892    0    0     0     4  119   93  0  0 100  0  0
 0  0 120148 63797852   5552 943892    0    0     0     0  128   86  0  0 100  0  0
 0  0 120148 63797852   5552 943892    0    0     0     4  115   89  0  0 100  0  0
 0  0 120148 63797852   5552 943892    0    0     0     3   97   56  0  0 100  0  0
 0  0 120148 63797852   5552 943892    0    0     0     4  118   93  0  0 100  0  0
 0  0 120148 63797852   5552 943892    0    0     0     0  125   85  0  0 100  0  0
 0  0 120148 63797852   5552 943892    0    0     0     4  119   93  0  0 100  0  0
 0  0 120148 63797852   5552 943892    0    0     0     0  100   57  0  0 100  0  0
 0  0 120148 63797852   5552 943892    0    0     0     4  113   89  0  0 100  0  0
 0  0 120148 63797852   5552 943892    0    0     0     4  128   89  0  0 100  0  0
 0  0 120148 63797852   5552 943892    0    0     0     0  123   95  0  0 100  0  0
 0  0 120148 63797852   5552 943892    0    0     0     4   97   56  0  0 100  0  0
 0  0 120148 63797852   5552 943892    0    0     0     0  109   85  0  0 100  0  0
 0  0 120148 63797852   5552 943892    0    0     0    10  130   93  0  0 100  0  0
 0  0 120148 63797852   5552 943892    0    0     0     0  116   90  0  0 100  0  0
 0  0 120148 63797852   5552 943892    0    0     0     5   97   57  0  0 100  0  0
 0  0 120148 63797852   5552 943892    0    0     0     0  110   85  0  0 100  0  0
 0  0 120148 63797852   5552 943892    0    0     0     4  141   93  0  0 100  0  0
 0  0 120148 63797852   5552 943892    0    0     0     0  110   86  0  0 100  0  0
 0  0 120148 63797852   5552 943892    0    0     0     4  107   66  0  0 100  0  0
 0  0 120148 63797852   5552 943892    0    0     0     0  117   89  0  0 100  0  0
 0  0 120148 63797852   5552 943892    0    0     0     4  130   89  0  0 100  0  0
 0  0 120148 63797852   5552 943892    0    0     0     0  111   85  0  0 100  0  0
 0  0 120148 63797852   5552 943892    0    0     0     7   96   59  0  0 100  0  0
 0  0 120148 63797852   5552 943892    0    0     0     0  117   89  0  0 100  0  0
 0  0 120148 63797852   5552 943892    0    0     0     4  129   89  0  0 100  0  0
 0  0 120148 63797852   5552 943892    0    0     0     0  118   91  0  0 100  0  0
 0  0 120148 63797976   5552 943892    0    0     0     4  151  107  0  0 100  0  0
 0  0 120148 63797976   5552 943892    0    0     0     0  173  181  0  0 100  0  0
 0  0 120148 63797976   5552 943892    0    0     0     4  146  110  0  0 100  0  0
 0  0 120148 63797900   5552 943892    0    0    15     0  173  136  0  0 100  0  0
 0  0 120148 63797900   5552 943892    0    0     0     8  152  101  0  0 100  0  0
 1  1 120148 63728800  10744 968844    0    0 19292  8509 5539 4713  1  0 98  1  0
 1  1 120148 63678584  13000 1015140    0    0 39655 18550 8361 10040  2  0 97  1  0
 2  0 120148 63630300  14596 1060140    0    0 39209 18155 6665 10024  2  0 97  0  0
 0  0 120148 63650300  15236 1080596    0    0 17167  8547 3226 4553  1  0 98  0  0
 0  0 120148 63649804  15236 1080596    0    0     0     8  208  165  0  0 100  0  0
 0  0 120148 63650240  15236 1080596    0    0     0     0  167  113  0  0 100  0  0
 0  0 120148 63649696  15236 1080596    0    0     0     5  177  138  0  0 100  0  0
 0  1 120148 63664060  19840 1043100    0    0  1536     0 1087  617  0  0 100  0  0
 1  0 120148 63765416  26228 952440    0    0  2128     9 1454  753  0  0 100  0  0
 0  0 120148 63763760  26228 952440    0    0     0     7  477  280  0  0 100  0  0
 0  0 120148 63763760  26228 952440    0    0     0  6351  183  113  0  0 100  0  0
 0  0 120148 63763652  26228 952440    0    0     0    30  267  175  0  0 100  0  0
 0  0 120148 63763184  26228 952440    0    0     0     0  239  173  0  0 100  0  0
 0  0 120148 63763620  26228 952440    0    0     0     7  180  127  0  0 100  0  0
 0  0 120148 63762716  26228 952440    0    0     0     0  206  154  0  0 100  0  0
 1  0 120148 63512948  26260 1204016    0    0 41449    12  921  949  0  0 99  0  0
 0  1 120148 62652024  26320 2063760    0    0 141525    13 2137 2829  0  0 99  0  0
