procs -----------memory---------- ---swap-- -----io---- -system-- ------cpu-----
 r  b   swpd   free   buff  cache   si   so    bi    bo   in   cs us sy id wa st
 0  1  50612 63942912   5056 801420    0    0    90   111    0    0  0  0 99  0  0
 1  0  50612 63916328   6740 807560    0    0  3848  2056 1510  562  2  0 98  0  0
 1  0  50612 63916328   6740 807560    0    0     0     0 1059   23  2  0 98  0  0
 1  0  50612 63916328   6740 807560    0    0     0     4 1110   76  2  0 98  0  0
 1  0  50612 63916328   6740 807560    0    0     0     0 1060   24  2  0 98  0  0
 1  0  50612 63916328   6740 807560    0    0     0     0 1106   70  2  0 98  0  0
 1  0  50612 63916328   6740 807560    0    0     0     2 1071   31  2  0 98  0  0
 1  0  50612 63916328   6740 807560    0    0     0     5 1108   74  2  0 98  0  0
 1  0  50612 63916328   6740 807560    0    0     0     0 1060   25  2  0 98  0  0
 1  0  50612 63916328   6740 807560    0    0     0     2 1111   75  2  0 98  0  0
 1  0  50612 63916328   6740 807560    0    0     0     0 1059   25  2  0 98  0  0
 1  0  50612 63916328   6740 807560    0    0     0     0 1121   76  2  0 98  0  0
 1  0  50612 63916328   6740 807560    0    0     0     2 1063   27  2  0 98  0  0
 1  0  50612 63916328   6740 807560    0    0     0     0 1106   71  2  0 98  0  0
 1  0  50612 63916328   6740 807560    0    0     0     0 1069   31  2  0 98  0  0
 1  0  50612 63916328   6740 807560    0    0     0     2 1119   82  2  0 98  0  0
 1  0  50612 63916328   6740 807560    0    0     0    32 1084   29  2  0 98  0  0
 1  0  50612 63916328   6740 807560    0    0     0     0 1107   70  2  0 98  0  0
 1  0  50612 63916328   6740 807560    0    0     0     4 1063   28  2  0 98  0  0
 1  0  50612 63916328   6740 807560    0    0     0     0 1106   71  2  0 98  0  0
 1  0  50612 63916328   6740 807560    0    0     0     0 1057   23  2  0 98  0  0
 1  0  50612 63916328   6740 807560    0    0     0     2 1120   79  2  0 98  0  0
 1  0  50612 63916328   6740 807560    0    0     0    29 1076   44  2  0 98  0  0
 1  0  50612 63916328   6740 807560    0    0     0     0 1148  112  2  0 98  0  0
 1  0  50612 63913908   6740 807560    0    0     0     2 1105   68  2  0 98  0  0
 1  0  50612 63913908   6740 807560    0    0     0     0 1149  114  2  0 98  0  0
 1  0  50612 63913908   6740 807560    0    0     0     0 1110   70  2  0 98  0  0
 1  0  50612 63913908   6740 807560    0    0     0     2 1149  113  2  0 98  0  0
 1  0  50612 63913908   6740 807560    0    0     0     0 1097   64  2  0 98  0  0
 1  0  50612 63913900   6740 807560    0    0     0     0 1150  111  2  0 98  0  0
 1  0  50612 63913900   6740 807560    0    0     0     2 1101   66  2  0 98  0  0
 1  0  50612 63913900   6740 807560    0    0     0     0 1157  116  2  0 98  0  0
 1  0  50612 63913900   6740 807560    0    0     0     0 1097   63  2  0 98  0  0
 1  0  50612 63913900   6740 807560    0    0     0     8 1159  114  2  0 98  0  0
 1  0  50612 63913900   6740 807560    0    0     0     0 1098   64  2  0 98  0  0
 1  0  50612 63913900   6740 807560    0    0     0     0 1146  110  2  0 98  0  0
 1  0  50612 63913900   6740 807560    0    0     0     2 1111   71  2  0 98  0  0
 1  0  50612 63913900   6740 807560    0    0     0     1 1154  121  2  0 98  0  0
 1  0  50612 63913900   6740 807560    0    0     0     0 1098   63  2  0 98  0  0
 1  0  50612 63913900   6740 807560    0    0     0     2 1151  116  2  0 98  0  0
 1  0  50612 63913900   6740 807560    0    0     0     0 1102   66  2  0 98  0  0
 1  0  50612 63913900   6740 807560    0    0     0     0 1154  115  2  0 98  0  0
 1  0  50612 63913900   6740 807560    0    0     0     2 1103   67  2  0 98  0  0
 1  0  50612 63913900   6740 807560    0    0     0     0 1144  110  2  0 98  0  0
 1  0  50612 63913900   6740 807560    0    0     0     0 1099   64  2  0 98  0  0
 1  0  50612 63913900   6740 807560    0    0     0     2 1160  122  2  0 98  0  0
 1  0  50612 63913900   6740 807560    0    0     0     0 1108   68  2  0 98  0  0
 1  0  50612 63913900   6740 807560    0    0     0     0 1145  110  2  0 98  0  0
 1  0  50612 63913900   6740 807560    0    0     0     4 1103   68  2  0 98  0  0
 1  0  50612 63913900   6740 807560    0    0     0     0 1145  111  2  0 98  0  0
 1  0  50612 63913900   6740 807560    0    0     0     0 1098   63  2  0 98  0  0
 1  0  50612 63913900   6740 807560    0    0     0     2 1158  118  2  0 98  0  0
 1  0  50612 63913900   6740 807560    0    0     0     4 1101   68  2  0 98  0  0
 1  0  50612 63913900   6740 807560    0    0     0     0 1146  110  2  0 98  0  0
 1  0  50612 63913900   6740 807560    0    0     0     2 1114   76  2  0 98  0  0
 1  0  50612 63913900   6740 807560    0    0     0     0 1152  112  2  0 98  0  0
 1  0  50612 63913900   6740 807560    0    0     0     0 1107   68  2  0 98  0  0
 1  0  50612 63913900   6740 807560    0    0     0     2 1151  114  2  0 98  0  0
 1  0  50612 63913900   6740 807560    0    0     0     0 1097   63  2  0 98  0  0
 1  0  50612 63913900   6740 807560    0    0     0     0 1147  111  2  0 98  0  0
 1  0  50612 63913900   6740 807560    0    0     0     2 1101   66  2  0 98  0  0
 1  0  50612 63913900   6740 807560    0    0     0     0 1157  115  2  0 98  0  0
 1  0  50612 63913900   6740 807560    0    0     0     0 1098   63  2  0 98  0  0
 1  0  50612 63913900   6740 807560    0    0     0     2 1148  113  2  0 98  0  0
 1  0  50612 63913900   6740 807560    0    0     0     0 1097   64  2  0 98  0  0
 1  0  50612 63913900   6740 807560    0    0     0     0 1146  110  2  0 98  0  0
 1  0  50612 63913900   6740 807560    0    0     0     2 1111   71  2  0 98  0  0
 1  0  50612 63913900   6740 807560    0    0     0     7 1152  117  2  0 98  0  0
 1  0  50612 63913900   6740 807560    0    0     0     0 1096   63  2  0 98  0  0
 1  0  50612 63913900   6740 807560    0    0     0     2 1151  116  2  0 98  0  0
 1  0  50612 63913900   6740 807560    0    0     0     0 1100   65  2  0 98  0  0
 1  0  50612 63913900   6740 807560    0    0     0     0 1154  115  2  0 98  0  0
 1  0  50612 63913900   6740 807560    0    0     0     2 1103   67  2  0 98  0  0
 1  0  50612 63913900   6740 807560    0    0     0     0 1144  110  2  0 98  0  0
 1  0  50612 63913900   6740 807560    0    0     0     0 1099   64  2  0 98  0  0
 1  0  50612 63913900   6740 807560    0    0     0     2 1168  122  2  0 98  0  0
 1  0  50612 63913900   6740 807560    0    0     0     0 1112   68  2  0 98  0  0
 1  0  50612 63913900   6740 807560    0    0     0     0 1145  110  2  0 98  0  0
 1  0  50612 63913900   6740 807560    0    0     0     2 1100   66  2  0 98  0  0
 1  0  50612 63913900   6740 807560    0    0     0     0 1156  118  2  0 98  0  0
 1  0  50612 63913900   6740 807560    0    0     0     0 1098   63  2  0 98  0  0
 1  0  50612 63913900   6740 807560    0    0     0     2 1157  118  2  0 98  0  0
 1  0  50612 63913900   6740 807560    0    0     0     1 1102   69  2  0 98  0  0
 1  0  50612 63913900   6740 807560    0    0     0     0 1145  110  2  0 98  0  0
 1  0  50612 63913900   6740 807560    0    0     0     2 1104   69  2  0 98  0  0
 1  0  50612 63913900   6740 807560    0    0     0     0 1146  112  2  0 98  0  0
 1  0  50612 63913900   6740 807560    0    0     0     0 1119   74  2  0 98  0  0
 1  0  50612 63913900   6740 807560    0    0     0     2 1146  113  2  0 98  0  0
 1  0  50612 63913900   6740 807560    0    0     0     0 1098   63  2  0 98  0  0
 1  0  50612 63913900   6740 807560    0    0     0     0 1146  111  2  0 98  0  0
 1  0  50612 63913900   6740 807560    0    0     0     2 1099   66  2  0 98  0  0
 1  0  50612 63913900   6740 807560    0    0     0     0 1154  115  2  0 98  0  0
 1  0  50612 63913900   6740 807560    0    0     0     0 1097   63  2  0 98  0  0
 1  0  50612 63913900   6740 807560    0    0     0     2 1146  113  2  0 98  0  0
 1  0  50612 63913900   6740 807560    0    0     0     0 1097   64  2  0 98  0  0
 1  0  50612 63913900   6740 807560    0    0     0     0 1145  110  2  0 98  0  0
 1  0  50612 63913900   6740 807560    0    0     0     2 1110   71  2  0 98  0  0
 1  0  50612 63913900   6740 807560    0    0     0     1 1159  119  2  0 98  0  0
 1  0  50612 63913900   6740 807560    0    0     0     0 1096   63  2  0 98  0  0
 1  0  50612 63913900   6740 807560    0    0     0     4 1151  117  2  0 98  0  0
 1  0  50612 63913900   6740 807560    0    0     0     0 1100   66  2  0 98  0  0
 1  0  50612 63913900   6740 807560    0    0     0     0 1169  124  2  0 98  0  0
 1  0  50612 63913900   6740 807560    0    0     0     2 1101   67  2  0 98  0  0
 1  0  50612 63913900   6740 807560    0    0     0     0 1145  110  2  0 98  0  0
 1  0  50612 63913900   6740 807560    0    0     0     0 1108   72  2  0 98  0  0
 1  0  50612 63913900   6740 807560    0    0     0     2 1149  113  2  0 98  0  0
 1  0  50612 63913900   6740 807560    0    0     0     0 1107   68  2  0 98  0  0
 1  0  50612 63913900   6740 807560    0    0     0     0 1145  110  2  0 98  0  0
 1  0  50612 63913900   6740 807560    0    0     0     2 1097   66  2  0 98  0  0
 1  0  50612 63913900   6740 807560    0    0     0     0 1145  112  2  0 98  0  0
 1  0  50612 63913900   6740 807560    0    0     0     0 1097   63  2  0 98  0  0
 1  0  50612 63913900   6740 807560    0    0     0     2 1156  118  2  0 98  0  0
 1  0  50612 63913900   6740 807560    0    0     0     4 1099   68  2  0 98  0  0
 1  0  50612 63913900   6740 807560    0    0     0     1 1147  117  2  0 98  0  0
 1  0  50612 63913900   6740 807560    0    0     0     2 1114   76  2  0 98  0  0
 1  0  50612 63914484   6740 807612    0    0     0     0 1229  136  2  0 98  0  0
 1  0  50612 63914484   6740 807612    0    0     0     0 1106   69  2  0 98  0  0
 1  0  50612 63914484   6740 807612    0    0     0     2 1147  113  2  0 98  0  0
 1  0  50612 63914484   6740 807612    0    0     0     0 1097   63  2  0 98  0  0
 1  0  50612 63914484   6740 807612    0    0     0     0 1153  112  2  0 98  0  0
 1  0  50612 63914484   6740 807612    0    0     0     2 1100   65  2  0 98  0  0
 1  0  50612 63914484   6740 807612    0    0     0     0 1153  115  2  0 98  0  0
 1  0  50612 63914484   6740 807612    0    0     0     0 1097   63  2  0 98  0  0
 1  0  50612 63914484   6740 807612    0    0     0     2 1147  113  2  0 98  0  0
 1  0  50612 63914484   6740 807612    0    0     0     0 1098   64  2  0 98  0  0
 1  0  50612 63914484   6740 807612    0    0     0     0 1144  110  2  0 98  0  0
 1  0  50612 63914484   6740 807612    0    0     0     2 1110   71  2  0 98  0  0
 1  0  50612 63914484   6740 807612    0    0     0     0 1145  110  2  0 98  0  0
 1  0  50612 63914484   6740 807612    0    0     0     7 1101   71  2  0 98  0  0
 1  0  50612 63914484   6740 807612    0    0     0     2 1150  116  2  0 98  0  0
 1  0  50612 63914484   6740 807612    0    0     0     0 1097   65  2  0 98  0  0
 1  0  50612 63914484   6740 807612    0    0     0     0 1157  117  2  0 98  0  0
 1  0  50612 63914484   6740 807612    0    0     0     2 1101   68  2  0 98  0  0
 1  0  50612 63914484   6740 807612    0    0     0     0 1145  110  2  0 98  0  0
 1  0  50612 63914484   6740 807612    0    0     0     0 1107   72  2  0 98  0  0
 1  0  50612 63914484   6740 807612    0    0     0     2 1147  113  2  0 98  0  0
 1  0  50612 63914484   6740 807612    0    0     0     0 1106   68  2  0 98  0  0
 1  0  50612 63914484   6740 807612    0    0     0     0 1145  110  2  0 98  0  0
 1  0  50612 63914484   6740 807612    0    0     0     2 1098   66  2  0 98  0  0
 1  0  50612 63914484   6740 807612    0    0     0     0 1145  111  2  0 98  0  0
 1  0  50612 63914484   6740 807612    0    0     0     0 1097   63  2  0 98  0  0
 1  0  50612 63914484   6740 807612    0    0     0     2 1159  120  2  0 98  0  0
 2  0  50612 63914484   6740 807612    0    0     0     0 1096   63  2  0 98  0  0
 1  0  50612 63914484   6740 807612    0    0     0     1 1147  117  2  0 98  0  0
 1  0  50612 63914484   6740 807612    0    0     0     2 1112   76  2  0 98  0  0
 1  0  50612 63914484   6740 807612    0    0     0     0 1148  112  2  0 98  0  0
 1  0  50612 63914484   6740 807612    0    0     0     0 1107   68  2  0 98  0  0
 1  0  50612 63914484   6740 807612    0    0     0     4 1148  114  2  0 98  0  0
 1  0  50612 63914484   6740 807612    0    0     0     0 1098   63  2  0 98  0  0
 1  0  50612 63914484   6740 807612    0    0     0     0 1146  111  2  0 98  0  0
