procs -----------memory---------- ---swap-- -----io---- -system-- ------cpu-----
 r  b   swpd   free   buff  cache   si   so    bi    bo   in   cs us sy id wa st
 0  1  50612 63943404   5064 802768    0    0    91   112    0    0  0  0 99  0  0
 1  0  50612 63913344   6748 808908    0    0  7880  4112 1799  993  1  0 98  1  0
 1  0  50612 63913344   6748 808908    0    0     0     0 1129  118  2  0 98  0  0
 1  0  50612 63913344   6748 808908    0    0     0     0 1088   30  2  0 98  0  0
 1  0  50612 63913344   6748 808908    0    0     0     0 1050   30  2  0 98  0  0
 1  0  50612 63913344   6748 808908    0    0     0     8 1088   30  2  0 98  0  0
 1  0  50612 63913344   6748 808908    0    0     0     0 1128  122  2  0 98  0  0
 1  0  50612 63913344   6748 808908    0    0     0     0 1090   26  2  0 98  0  0
 1  0  50612 63913344   6748 808908    0    0     0     0 1035   24  2  0 98  0  0
 1  0  50612 63913344   6748 808908    0    0     0     0 1084   24  2  0 98  0  0
 1  0  50612 63913344   6748 808908    0    0     0     0 1128  120  2  0 98  0  0
 1  0  50612 63913424   6748 808908    0    0     0     4 1092   34  2  0 98  0  0
 1  0  50612 63913424   6748 808908    0    0     0     0 1032   22  2  0 98  0  0
 1  0  50612 63913424   6748 808908    0    0     0     0 1084   24  2  0 98  0  0
 1  0  50612 63913424   6748 808908    0    0     0     0 1145  128  2  0 98  0  0
 1  0  50612 63913424   6748 808908    0    0     0     0 1087   26  2  0 98  0  0
 1  0  50612 63913424   6748 808908    0    0     0     0 1038   26  2  0 98  0  0
 1  0  50612 63913424   6748 808908    0    0     0     4 1086   28  2  0 98  0  0
 1  0  50612 63913424   6748 808908    0    0     0     0 1129  120  2  0 98  0  0
 1  0  50612 63913424   6748 808908    0    0     0     0 1085   26  2  0 98  0  0
 1  0  50612 63913424   6748 808908    0    0     0     0 1034   22  2  0 98  0  0
 1  0  50612 63913424   6748 808908    0    0     0     0 1113   42  2  0 98  0  0
 1  0  50612 63913424   6748 808908    0    0     0     0 1137  120  2  0 98  0  0
 1  0  50612 63913424   6748 808908    0    0     0     4 1092   30  2  0 98  0  0
 1  0  50612 63913424   6748 808908    0    0     0     0 1050   32  2  0 98  0  0
 1  0  50612 63913424   6748 808908    0    0     0     0 1088   27  2  0 98  0  0
 1  0  50612 63913424   6748 808908    0    0     0     0 1127  120  2  0 98  0  0
 1  0  50612 63913424   6748 808908    0    0     0     0 1090   26  2  0 98  0  0
 1  0  50612 63913424   6748 808908    0    0     0    17 1039   34  2  0 98  0  0
 1  0  50612 63913424   6748 808908    0    0     0     4 1037   26  2  0 98  0  0
 1  0  50612 63913424   6748 808908    0    0     0     0 1183  126  2  0 98  0  0
 1  0  50612 63913424   6748 808908    0    0     0    68 1063   26  2  0 98  0  0
 1  0  50612 63913424   6748 808908    0    0     0     0 1084   24  2  0 98  0  0
 1  0  50612 63913424   6748 808908    0    0     0     0 1034   24  2  0 98  0  0
 1  0  50612 63913424   6748 808908    0    0     0     0 1202  132  2  0 98  0  0
 1  0  50612 63913424   6748 808908    0    0     0     4 1038   28  2  0 98  0  0
 1  0  50612 63913424   6748 808908    0    0     0     4 1091   28  2  0 98  0  0
 1  0  50612 63913424   6748 808908    0    0     0     0 1034   22  2  0 98  0  0
 1  0  50612 63913424   6748 808908    0    0     0     0 1179  122  2  0 98  0  0
 1  0  50612 63913424   6748 808908    0    0     0     0 1035   24  2  0 98  0  0
 1  0  50612 63913424   6748 808908    0    0     0     0 1085   26  2  0 98  0  0
 1  0  50612 63913424   6748 808908    0    0     0     4 1036   28  2  0 98  0  0
 1  0  50612 63913424   6748 808908    0    0     0     0 1179  120  2  0 98  0  0
 1  0  50612 63913424   6748 808908    0    0     0     0 1037   24  2  0 98  0  0
 1  0  50612 63913424   6748 808908    0    0     0     0 1103   34  2  0 98  0  0
 1  0  50612 63913424   6748 808908    0    0     0     0 1032   22  2  0 98  0  0
 1  0  50612 63913424   6748 808908    0    0     0     0 1183  124  2  0 98  0  0
 1  0  50612 63913424   6748 808908    0    0     0     4 1037   28  2  0 98  0  0
 1  0  50612 63912120   6748 808908    0    0     0     0 1108   36  2  0 98  0  0
 1  0  50612 63912120   6748 808908    0    0     0     0 1031   22  2  0 98  0  0
 1  0  50612 63912120   6748 808908    0    0     0     0 1181  120  2  0 98  0  0
 1  0  50612 63912120   6748 808908    0    0     0    12 1043   26  2  0 98  0  0
 1  0  50612 63912120   6748 808908    0    0     0     0 1088   28  2  0 98  0  0
 1  0  50612 63912120   6748 808908    0    0     0     8 1039   30  2  0 98  0  0
 1  0  50612 63912120   6748 808908    0    0     0     0 1198  130  2  0 98  0  0
 1  0  50612 63912120   6748 808908    0    0     0     0 1037   24  2  0 98  0  0
 1  0  50612 63912120   6748 808908    0    0     0     0 1089   30  2  0 98  0  0
 1  0  50612 63912120   6748 808908    0    0     0     0 1036   26  2  0 98  0  0
 1  0  50612 63912112   6748 808908    0    0     0    96 1262  196  2  0 98  0  0
 1  0  50612 63912112   6748 808908    0    0     0     4 1075   68  2  0 98  0  0
 1  0  50612 63912112   6748 808908    0    0     0     0 1132   70  2  0 98  0  0
 1  0  50612 63912112   6748 808908    0    0     0     0 1072   62  2  0 98  0  0
 1  0  50612 63912112   6748 808908    0    0     0     0 1219  160  2  0 98  0  0
 1  0  50612 63912112   6748 808908    0    0     0     0 1076   66  2  0 98  0  0
 1  0  50612 63912112   6748 808908    0    0     0     0 1143   76  2  0 98  0  0
 1  0  50612 63912112   6748 808908    0    0     0     4 1075   66  2  0 98  0  0
 1  0  50612 63912112   6748 808908    0    0     0     0 1225  160  2  0 98  0  0
 1  0  50612 63912112   6748 808908    0    0     0     0 1079   64  2  0 98  0  0
 1  0  50612 63912112   6748 808908    0    0     0     0 1123   66  2  0 98  0  0
 1  0  50612 63912112   6748 808908    0    0     0     0 1078   64  2  0 98  0  0
 1  0  50612 63912112   6748 808908    0    0     0     0 1218  162  2  0 98  0  0
 1  0  50612 63912112   6748 808908    0    0     0     4 1079   68  2  0 98  0  0
 1  0  50612 63912112   6748 808908    0    0     0     0 1122   64  2  0 98  0  0
 1  0  50612 63912112   6748 808908    0    0     0     0 1074   62  2  0 98  0  0
 1  0  50612 63912112   6748 808908    0    0     0     0 1236  170  2  0 98  0  0
 1  0  50612 63912112   6748 808908    0    0     0     0 1077   64  2  0 98  0  0
 1  0  50612 63912112   6748 808908    0    0     0     0 1126   68  2  0 98  0  0
 1  0  50612 63912112   6748 808908    0    0     0     4 1077   66  2  0 98  0  0
 1  0  50612 63912112   6748 808908    0    0     0     0 1222  162  2  0 98  0  0
 1  0  50612 63912112   6748 808908    0    0     0     0 1074   64  2  0 98  0  0
 1  0  50612 63912112   6748 808908    0    0     0     0 1124   64  2  0 98  0  0
 1  0  50612 63912112   6748 808908    0    0     0     0 1074   62  2  0 98  0  0
 1  0  50612 63912112   6748 808908    0    0     0     0 1218  164  2  0 98  0  0
 1  0  50612 63912112   6748 808908    0    0     0     4 1082   70  2  0 98  0  0
 1  0  50612 63912112   6748 808908    0    0     0     0 1140   74  2  0 98  0  0
 1  0  50612 63912112   6748 808908    0    0     0     0 1077   64  2  0 98  0  0
 1  0  50612 63912112   6748 808908    0    0     0     0 1219  160  2  0 98  0  0
 1  0  50612 63912112   6748 808908    0    0     0     0 1078   64  2  0 98  0  0
 1  0  50612 63912112   6748 808908    0    0     0    10 1135   80  2  0 98  0  0
 1  0  50612 63912112   6748 808908    0    0     0     4 1072   66  2  0 98  0  0
 1  0  50612 63912112   6748 808908    0    0     0     0 1223  166  2  0 98  0  0
 1  0  50612 63912112   6748 808908    0    0     0     0 1072   64  2  0 98  0  0
 1  0  50612 63912112   6748 808908    0    0     0     0 1126   64  2  0 98  0  0
 1  0  50612 63912112   6748 808908    0    0     0     0 1072   64  2  0 98  0  0
 1  0  50612 63912112   6748 808908    0    0     0     0 1238  172  2  0 98  0  0
 1  0  50612 63912112   6748 808908    0    0     0     4 1080   68  2  0 98  0  0
 1  0  50612 63912112   6748 808908    0    0     0     0 1125   64  2  0 98  0  0
 1  0  50612 63912112   6748 808908    0    0     0     0 1074   62  2  0 98  0  0
 1  0  50612 63912112   6748 808908    0    0     0     0 1219  162  2  0 98  0  0
 1  0  50612 63912112   6748 808908    0    0     0     0 1075   64  2  0 98  0  0
 1  0  50612 63912112   6748 808908    0    0     0     0 1126   66  2  0 98  0  0
 1  0  50612 63912112   6748 808908    0    0     0     8 1075   68  2  0 98  0  0
 1  0  50612 63912112   6748 808908    0    0     0     0 1220  160  2  0 98  0  0
 1  0  50612 63912112   6748 808908    0    0     0     0 1073   64  2  0 98  0  0
 1  0  50612 63912112   6748 808908    0    0     0     0 1147   74  2  0 98  0  0
 1  0  50612 63912112   6748 808908    0    0     0     0 1072   65  2  0 98  0  0
 1  0  50612 63912112   6748 808908    0    0     0     0 1233  162  2  0 98  0  0
 1  0  50612 63912112   6748 808908    0    0     0     4 1085   68  2  0 98  0  0
 1  0  50612 63912112   6748 808908    0    0     0     0 1130   66  2  0 98  0  0
 1  0  50612 63912112   6748 808908    0    0     0     0 1077   62  2  0 98  0  0
 1  0  50612 63912112   6748 808908    0    0     0     0 1218  160  2  0 98  0  0
 1  0  50612 63912112   6748 808908    0    0     0     0 1076   64  2  0 98  0  0
 1  0  50612 63912112   6748 808908    0    0     0     0 1124   68  2  0 98  0  0
 1  0  50612 63912112   6748 808908    0    0     0     4 1077   66  2  0 98  0  0
 1  0  50612 63912112   6748 808908    0    0     0     0 1233  170  2  0 98  0  0
 1  0  50612 63912112   6748 808908    0    0     0     0 1079   64  2  0 98  0  0
 1  0  50612 63912112   6748 808908    0    0     0     0 1121   64  2  0 98  0  0
 1  0  50612 63912112   6748 808908    0    0     0     0 1078   64  2  0 98  0  0
 1  0  50612 63912112   6748 808908    0    0     0     3 1244  188  2  0 98  0  0
 1  0  50612 63912112   6748 808908    0    0     0     4 1077   68  2  0 98  0  0
 1  0  50612 63912112   6748 808908    0    0     0     0 1126   68  2  0 98  0  0
 1  0  50612 63912112   6748 808908    0    0     0     0 1074   64  2  0 98  0  0
 1  0  50612 63912112   6748 808908    0    0     0     0 1221  160  2  0 98  0  0
 1  0  50612 63912112   6748 808908    0    0     0     0 1077   66  2  0 98  0  0
 1  0  50612 63912112   6748 808908    0    0     0     0 1143   76  2  0 98  0  0
 1  0  50612 63912112   6748 808908    0    0     0     4 1079   66  2  0 98  0  0
 1  0  50612 63912112   6748 808908    0    0     0     0 1215  160  2  0 98  0  0
 1  0  50612 63912112   6748 808908    0    0     0     0 1079   64  2  0 98  0  0
 1  0  50612 63912112   6748 808908    0    0     0     0 1124   66  2  0 98  0  0
 1  0  50612 63912112   6748 808908    0    0     0     0 1074   62  2  0 98  0  0
 1  0  50612 63912112   6748 808908    0    0     0     0 1217  162  2  0 98  0  0
 1  0  50612 63912112   6748 808908    0    0     0     4 1081   68  2  0 98  0  0
 1  0  50612 63912112   6748 808908    0    0     0     0 1124   64  2  0 98  0  0
 1  0  50612 63912112   6748 808908    0    0     0     0 1072   62  2  0 98  0  0
 1  0  50612 63912112   6748 808908    0    0     0     0 1235  170  2  0 98  0  0
 1  0  50612 63912112   6748 808908    0    0     0     0 1077   64  2  0 98  0  0
 1  0  50612 63912112   6748 808908    0    0     0     0 1124   66  2  0 98  0  0
 1  0  50612 63912112   6748 808908    0    0     0     4 1076   68  2  0 98  0  0
 1  0  50612 63912112   6748 808908    0    0     0     0 1219  162  2  0 98  0  0
 1  0  50612 63912112   6748 808908    0    0     0     0 1079   64  2  0 98  0  0
 1  0  50612 63912112   6748 808908    0    0     0     0 1124   64  2  0 98  0  0
 1  0  50612 63912112   6748 808908    0    0     0     0 1102   78  2  0 98  0  0
 1  0  50612 63912112   6748 808908    0    0     0     0 1219  162  2  0 98  0  0
 1  0  50612 63912112   6748 808908    0    0     0     4 1077   68  2  0 98  0  0
 1  0  50612 63912112   6748 808908    0    0     0     0 1141   74  2  0 98  0  0
 1  0  50612 63912112   6748 808908    0    0     0     0 1074   62  2  0 98  0  0
 1  0  50612 63912112   6748 808908    0    0     0     0 1220  160  2  0 98  0  0
 1  0  50612 63912112   6748 808908    0    0     0     0 1075   64  2  0 98  0  0
 1  0  50612 63912112   6748 808908    0    0     0    10 1151   92  2  0 98  0  0
 1  0  50612 63912112   6748 808908    0    0     0     8 1073   68  2  0 98  0  0
 1  0  50612 63912112   6748 808908    0    0     0     0 1234  164  2  0 98  0  0
 1  0  50612 63912112   6748 808908    0    0     0     0 1081   66  2  0 98  0  0
 1  0  50612 63912112   6748 808908    0    0     0     0 1134   64  2  0 98  0  0
 1  0  50612 63912112   6748 808908    0    0     0     0 1074   64  2  0 98  0  0
 1  0  50612 63912112   6748 808908    0    0     0     0 1238  174  2  0 98  0  0
 1  0  50612 63912112   6748 808908    0    0     0     4 1080   68  2  0 98  0  0
 1  0  50612 63912112   6748 808908    0    0     0     0 1124   64  2  0 98  0  0
 1  0  50612 63912112   6748 808908    0    0     0     0 1076   62  2  0 98  0  0
 1  0  50612 63912112   6748 808908    0    0     0     0 1219  162  2  0 98  0  0
 1  0  50612 63912112   6748 808908    0    0     0     0 1076   66  2  0 98  0  0
 1  0  50612 63912112   6748 808908    0    0     0     0 1127   66  2  0 98  0  0
 1  0  50612 63912112   6748 808908    0    0     0     4 1074   66  2  0 98  0  0
 1  0  50612 63912112   6748 808908    0    0     0     0 1220  160  2  0 98  0  0
 1  0  50612 63912112   6748 808908    0    0     0     0 1075   64  2  0 98  0  0
 1  0  50612 63912112   6748 808908    0    0     0     0 1142   74  2  0 98  0  0
 1  0  50612 63912112   6748 808908    0    0     0     0 1073   62  2  0 98  0  0
 1  0  50612 63912112   6748 808908    0    0     0     0 1220  162  2  0 98  0  0
 1  0  50612 63912112   6748 808908    0    0     0     4 1079   68  2  0 98  0  0
 1  0  50612 63912112   6748 808908    0    0     0     0 1125   66  2  0 98  0  0
 1  0  50612 63912112   6748 808908    0    0     0     0 1073   62  2  0 98  0  0
 1  0  50612 63912112   6748 808908    0    0     0     0 1216  160  2  0 98  0  0
 1  0  50612 63912112   6748 808908    0    0     0     0 1077   64  2  0 98  0  0
 1  0  50612 63912112   6748 808908    0    0     0     0 1124   68  2  0 98  0  0
 1  0  50612 63912112   6748 808908    0    0     0     4 1075   66  2  0 98  0  0
 1  0  50612 63912112   6748 808908    0    0     0     0 1235  170  2  0 98  0  0
 1  0  50612 63912112   6748 808908    0    0     0     0 1079   64  2  0 98  0  0
 1  0  50612 63912112   6748 808908    0    0     0     0 1123   64  2  0 98  0  0
 1  0  50612 63912112   6748 808908    0    0     0     0 1076   64  2  0 98  0  0
 1  0  50612 63912112   6748 808908    0    0     0     3 1243  186  2  0 98  0  0
 1  0  50612 63912112   6748 808908    0    0     0     4 1077   68  2  0 98  0  0
 1  0  50612 63912112   6748 808908    0    0     0     0 1124   66  2  0 98  0  0
 1  0  50612 63912112   6748 808908    0    0     0     0 1076   66  2  0 98  0  0
 1  0  50612 63912112   6748 808908    0    0     0     0 1218  160  2  0 98  0  0
 1  0  50612 63912112   6748 808908    0    0     0     0 1079   64  2  0 98  0  0
 1  0  50612 63912112   6748 808908    0    0     0     0 1144   78  2  0 98  0  0
 1  0  50612 63912112   6748 808908    0    0     0     4 1078   66  2  0 98  0  0
 1  0  50612 63912112   6748 808908    0    0     0     0 1215  162  2  0 98  0  0
 1  0  50612 63912112   6748 808908    0    0     0     0 1082   64  2  0 98  0  0
 1  0  50612 63912112   6748 808908    0    0     0     0 1124   66  2  0 98  0  0
 1  0  50612 63912112   6748 808908    0    0     0     0 1074   62  2  0 98  0  0
 1  0  50612 63912112   6748 808908    0    0     0     4 1224  168  2  0 98  0  0
 1  0  50612 63912112   6748 808908    0    0     0     0 1075   64  2  0 98  0  0
 1  0  50612 63912112   6748 808908    0    0     0     0 1128   64  2  0 98  0  0
 1  0  50612 63912112   6748 808908    0    0     0     0 1070   62  2  0 98  0  0
 1  0  50612 63912112   6748 808908    0    0     0     0 1246  170  2  0 98  0  0
 1  0  50612 63912112   6748 808908    0    0     0     0 1082   64  2  0 98  0  0
 1  0  50612 63912112   6748 808908    0    0     0     8 1129   72  2  0 98  0  0
 1  0  50612 63912112   6748 808908    0    0     0     0 1076   64  2  0 98  0  0
 1  0  50612 63912112   6748 808908    0    0     0     0 1219  162  2  0 98  0  0
 1  0  50612 63912112   6748 808908    0    0     0     0 1077   64  2  0 98  0  0
 1  0  50612 63912112   6748 808908    0    0     0     0 1142   78  2  0 98  0  0
 2  0  50612 63912112   6748 808908    0    0     0     4 1075   63  2  0 98  0  0
 1  0  50612 63912112   6748 808908    0    0     0     0 1219  163  2  0 98  0  0
 1  0  50612 63912112   6748 808908    0    0     0     0 1077   66  2  0 98  0  0
 1  0  50612 63912112   6748 808908    0    0     0     0 1144   74  2  0 98  0  0
 1  0  50612 63912112   6748 808908    0    0     0     0 1072   62  2  0 98  0  0
 1  0  50612 63912112   6748 808908    0    0     0     0 1218  160  2  0 98  0  0
 1  0  50612 63912112   6748 808908    0    0     0     4 1079   70  2  0 98  0  0
 1  0  50612 63912112   6748 808908    0    0     0     4 1132   76  2  0 98  0  0
 1  0  50612 63912112   6748 808908    0    0     0     0 1070   62  2  0 98  0  0
 1  0  50612 63912112   6748 808908    0    0     0     0 1223  162  2  0 98  0  0
 1  0  50612 63912112   6748 808908    0    0     0     0 1079   68  2  0 98  0  0
 1  0  50612 63912112   6748 808908    0    0     0     0 1124   64  2  0 98  0  0
 1  0  50612 63912112   6748 808908    0    0     0     4 1077   68  2  0 98  0  0
 1  0  50612 63912112   6748 808908    0    0     0     0 1235  172  2  0 98  0  0
 1  0  50612 63912112   6748 808908    0    0     0     0 1078   64  2  0 98  0  0
 1  0  50612 63912112   6748 808908    0    0     0     0 1121   64  2  0 98  0  0
 1  0  50612 63912112   6748 808908    0    0     0     0 1076   62  2  0 98  0  0
 1  0  50612 63912112   6748 808908    0    0     0     0 1219  162  2  0 98  0  0
 1  0  50612 63912112   6748 808908    0    0     0     4 1079   68  2  0 98  0  0
 1  0  50612 63912112   6748 808908    0    0     0     0 1125   64  2  0 98  0  0
 1  0  50612 63912112   6748 808908    0    0     0     0 1072   62  2  0 98  0  0
 1  0  50612 63912112   6748 808908    0    0     0     0 1219  160  2  0 98  0  0
 1  0  50612 63912112   6748 808908    0    0     0     0 1075   64  2  0 98  0  0
 1  0  50612 63912112   6748 808908    0    0     0     0 1154   85  2  0 98  0  0
 1  0  50612 63912112   6748 808908    0    0     0     4 1077   66  2  0 98  0  0
 1  0  50612 63912112   6748 808908    0    0     0     0 1218  160  2  0 98  0  0
 1  0  50612 63912112   6748 808908    0    0     0     0 1081   64  2  0 98  0  0
 1  0  50612 63912112   6748 808908    0    0     0     0 1123   66  2  0 98  0  0
 1  0  50612 63912112   6748 808908    0    0     0     0 1074   62  2  0 98  0  0
 1  0  50612 63912112   6748 808908    0    0     0     0 1218  162  2  0 98  0  0
 1  0  50612 63912112   6748 808908    0    0     0     4 1080   70  2  0 98  0  0
 1  0  50612 63912112   6748 808908    0    0     0     0 1141   80  2  0 98  0  0
 1  0  50612 63912112   6748 808908    0    0     0     0 1074   62  2  0 98  0  0
 1  0  50612 63912112   6748 808908    0    0     0     0 1236  170  2  0 98  0  0
 1  0  50612 63912112   6748 808908    0    0     0     0 1077   64  2  0 98  0  0
 1  0  50612 63912112   6748 808908    0    0     0     0 1126   66  2  0 98  0  0
 1  0  50612 63912112   6748 808908    0    0     0     4 1078   68  2  0 98  0  0
 1  0  50612 63912112   6748 808908    0    0     0     9 1265  192  2  0 98  0  0
 1  0  50612 63912112   6748 808908    0    0     0     0 1073   64  2  0 98  0  0
 1  0  50612 63912112   6748 808908    0    0     0     0 1125   66  2  0 98  0  0
 1  0  50612 63912112   6748 808908    0    0     0     0 1076   66  2  0 98  0  0
 1  0  50612 63912112   6748 808908    0    0     0     0 1219  162  2  0 98  0  0
 1  0  50612 63912112   6748 808908    0    0     0     4 1077   68  2  0 98  0  0
 1  0  50612 63912112   6748 808908    0    0     0     0 1144   76  2  0 98  0  0
 1  0  50612 63912112   6748 808908    0    0     0     0 1076   62  2  0 98  0  0
 1  0  50612 63912112   6748 808908    0    0     0     0 1217  160  2  0 98  0  0
 1  0  50612 63912112   6748 808908    0    0     0     0 1077   64  2  0 98  0  0
 1  0  50612 63912112   6748 808908    0    0     0     0 1128   68  2  0 98  0  0
 1  0  50612 63912112   6748 808908    0    0     0     8 1073   68  2  0 98  0  0
 1  0  50612 63912112   6748 808908    0    0     0     0 1221  160  2  0 98  0  0
 1  0  50612 63912112   6748 808908    0    0     0     0 1073   64  2  0 98  0  0
 1  0  50612 63912112   6748 808908    0    0     0     0 1126   64  2  0 98  0  0
 1  0  50612 63912112   6748 808908    0    0     0     0 1070   62  2  0 98  0  0
 1  0  50612 63912112   6748 808908    0    0     0     0 1240  172  2  0 98  0  0
 1  0  50612 63912112   6748 808908    0    0     0     4 1077   68  2  0 98  0  0
 1  0  50612 63912112   6748 808908    0    0     0     0 1125   64  2  0 98  0  0
 1  0  50612 63912112   6748 808908    0    0     0     0 1075   62  2  0 98  0  0
 1  0  50612 63912112   6748 808908    0    0     0     0 1218  162  2  0 98  0  0
 1  0  50612 63912112   6748 808908    0    0     0     0 1076   64  2  0 98  0  0
 1  0  50612 63912112   6748 808908    0    0     0     0 1123   66  2  0 98  0  0
 1  0  50612 63912112   6748 808908    0    0     0     4 1115   90  2  0 98  0  0
 1  0  50612 63912780   6748 809828    0    0     0     0 1370  200  2  0 98  0  0
 1  0  50612 63912780   6748 809828    0    0     0     0 1077   67  2  0 98  0  0
 1  0  50612 63912780   6748 809828    0    0     0     0 1142   76  2  0 98  0  0
 1  0  50612 63912780   6748 809828    0    0     0     0 1073   62  2  0 98  0  0
 1  0  50612 63912780   6748 809828    0    0     0     0 1218  163  2  0 98  0  0
 1  0  50612 63912780   6748 809828    0    0     0     4 1080   68  2  0 98  0  0
 1  0  50612 63912780   6748 809828    0    0     0     7 1130   77  2  0 98  0  0
 1  0  50612 63912780   6748 809828    0    0     0     0 1072   62  2  0 98  0  0
 1  0  50612 63912780   6748 809828    0    0     0     0 1219  164  2  0 98  0  0
 1  0  50612 63912780   6748 809828    0    0     0     0 1083   68  2  0 98  0  0
 1  0  50612 63912780   6748 809828    0    0     0     0 1123   66  2  0 98  0  0
 1  0  50612 63912780   6748 809828    0    0     0     4 1076   66  2  0 98  0  0
 1  0  50612 63912780   6748 809828    0    0     0     0 1236  172  2  0 98  0  0
 1  0  50612 63912780   6748 809828    0    0     0     0 1079   64  2  0 98  0  0
 1  0  50612 63912780   6748 809828    0    0     0     0 1121   64  2  0 98  0  0
 1  0  50612 63912780   6748 809828    0    0     0     0 1077   62  2  0 98  0  0
 1  0  50612 63912780   6748 809828    0    0     0     0 1235  164  2  0 98  0  0
 1  0  50612 63912780   6748 809828    0    0     0     4 1084   68  2  0 98  0  0
 1  0  50612 63912780   6748 809828    0    0     0     0 1139   68  2  0 98  0  0
 1  0  50612 63912780   6748 809828    0    0     0     0 1073   62  2  0 98  0  0
 1  0  50612 63912780   6748 809828    0    0     0     0 1219  160  2  0 98  0  0
 1  0  50612 63912780   6748 809828    0    0     0     0 1075   64  2  0 98  0  0
 1  0  50612 63912780   6748 809828    0    0     0     0 1143   76  2  0 98  0  0
 1  0  50612 63912780   6748 809828    0    0     0     4 1078   66  2  0 98  0  0
 1  0  50612 63912780   6748 809828    0    0     0     0 1216  160  2  0 98  0  0
 1  0  50612 63912780   6748 809828    0    0     0     0 1079   64  2  0 98  0  0
 1  0  50612 63912780   6748 809828    0    0     0     0 1123   66  2  0 98  0  0
 1  0  50612 63912780   6748 809828    0    0     0     0 1076   62  2  0 98  0  0
 1  0  50612 63912780   6748 809828    0    0     0     0 1218  162  2  0 98  0  0
 1  0  50612 63912780   6748 809828    0    0     0     4 1080   70  2  0 98  0  0
 1  0  50612 63912780   6748 809828    0    0     0     0 1124   64  2  0 98  0  0
 1  0  50612 63912780   6748 809828    0    0     0     0 1072   62  2  0 98  0  0
 1  0  50612 63912780   6748 809828    0    0     0     0 1241  172  2  0 98  0  0
 1  0  50612 63912780   6748 809828    0    0     0     0 1075   67  2  0 98  0  0
 1  0  50612 63912780   6748 809828    0    0     0     0 1125   66  2  0 98  0  0
 1  0  50612 63912780   6748 809828    0    0     0     8 1080   72  2  0 98  0  0
 1  0  50612 63912780   6748 809828    0    0     0     7 1246  189  2  0 98  0  0
 1  0  50612 63912780   6748 809828    0    0     0     0 1074   64  2  0 98  0  0
