procs -----------memory---------- ---swap-- -----io---- -system-- ------cpu-----
 r  b   swpd   free   buff  cache   si   so    bi    bo   in   cs us sy id wa st
 0  1  58036 64307068   5420 434728    0    0   223   289    0    0  1  0 99  0  0
 0  0  58036 64304084   5420 436684    0    0   810     6  158  110  0  0 100  0  0
 0  0  58036 64304084   5420 436684    0    0     0     0  147  115  0  0 100  0  0
 0  0  58036 64304084   5420 436684    0    0     0     0  103   69  0  0 100  0  0
 0  0  58036 64304084   5420 436684    0    0     0     4  157  123  0  0 100  0  0
 0  0  58036 64304084   5420 436684    0    0     0     0  102   69  0  0 100  0  0
 0  0  58036 64304084   5420 436684    0    0     0     0  147  116  0  0 100  0  0
 0  0  58036 64304084   5420 436684    0    0     0     4  102   70  0  0 100  0  0
 0  0  58036 64304084   5420 436684    0    0     0     0  156  116  0  0 100  0  0
 0  0  58036 64304084   5420 436684    0    0     0     0  115   75  0  0 100  0  0
 0  0  58036 64304084   5420 436684    0    0     0     0  148  116  0  0 100  0  0
 0  0  58036 64304084   5420 436684    0    0     0     0   99   66  0  0 100  0  0
 0  0  58036 64304084   5420 436684    0    0     0     6  151  121  0  0 100  0  0
 0  0  58036 64304084   5420 436684    0    0     0     0  102   68  0  0 100  0  0
 0  0  58036 64304084   5420 436684    0    0     0     0  160  124  0  0 100  0  0
 0  0  58036 64304084   5420 436684    0    0     0     0  102   70  0  0 100  0  0
 0  0  58036 64304084   5420 436684    0    0     0     0  147  115  0  0 100  0  0
 0  0  58036 64304084   5420 436684    0    0     0     0  111   73  0  0 100  0  0
 0  0  58036 64305356   5420 437016    0    0     0     0  229  143  0  0 100  0  0
 0  0  58036 64305356   5420 437016    0    0     0     0  111   74  0  0 100  0  0
 0  0  58036 64305356   5420 437016    0    0     0     6  151  119  0  0 100  0  0
 0  0  58036 64305356   5420 437016    0    0     0     0   98   66  0  0 100  0  0
 0  0  58036 64305356   5420 437016    0    0     0     0  149  117  0  0 100  0  0
 0  0  58036 64305356   5420 437016    0    0     0     4  113   82  0  0 100  0  0
 0  0  58036 64305356   5420 437016    0    0     0     0  158  120  0  0 100  0  0
 0  0  58036 64305356   5420 437016    0    0     0     0  103   71  0  0 100  0  0
 0  0  58036 64305356   5420 437016    0    0     0     4  209  173  0  0 100  0  0
 0  0  58036 64305356   5420 437016    0    0     0    25  129  102  0  0 100  0  0
 0  0  58036 64305356   5420 437016    0    0     0     0  156  124  0  0 100  0  0
 0  0  58036 64305356   5420 437016    0    0     0     4  134   98  0  0 100  0  0
 0  0  58036 64305356   5420 437016    0    0     0     0  161  117  0  0 100  0  0
 0  0  58036 64305356   5420 437016    0    0     0     0  102   70  0  0 100  0  0
 0  0  58036 64305356   5420 437016    0    0     0     4  151  118  0  0 100  0  0
 0  0  58036 64305356   5420 437016    0    0     0     0  101   68  0  0 100  0  0
 0  0  58036 64305356   5420 437016    0    0     0     4  160  124  0  0 100  0  0
 0  0  58036 64305356   5420 437016    0    0     0     0  101   68  0  0 100  0  0
 0  0  58036 64305356   5420 437016    0    0     0     0  149  117  0  0 100  0  0
 0  0  58036 64305356   5420 437016    0    0     0     6  104   72  0  0 100  0  0
 0  0  58036 64305356   5420 437016    0    0     0     0  150  117  0  0 100  0  0
 0  0  58036 64305248   5420 437140    0    0   130     0  132   86  0  0 100  0  0
 0  0  58036 64305248   5420 437140    0    0     0     4  153  120  0  0 100  0  0
 0  0  58036 64305248   5420 437140    0    0     0     0   97   64  0  0 100  0  0
 0  0  58036 64305248   5420 437140    0    0     0     5  148  117  0  0 100  0  0
 0  0  58036 64305248   5420 437140    0    0     0     2  101   68  0  0 100  0  0
 0  0  58036 64305248   5420 437140    0    0     0     0  158  120  0  0 100  0  0
 0  0  58036 64305248   5420 437140    0    0     0     0  105   70  0  0 100  0  0
 0  0  58036 64305248   5420 437140    0    0     0     2  147  115  0  0 100  0  0
 0  0  58036 64305248   5420 437140    0    0     0     0  107   71  0  0 100  0  0
 0  0  58036 64305248   5420 437140    0    0     0     0  148  114  0  0 100  0  0
 0  0  58036 64305248   5420 437140    0    0     0     4  112   75  0  0 100  0  0
 0  0  58036 64305248   5420 437140    0    0     0     0  147  113  0  0 100  0  0
 0  0  58036 64305248   5420 437140    0    0     0     0   97   64  0  0 100  0  0
 0  0  58036 64305248   5420 437140    0    0     0     2  158  117  0  0 100  0  0
 0  0  58036 64305248   5420 437140    0    0     0     0  111   75  0  0 100  0  0
 0  0  58036 64305248   5420 437140    0    0     0     0  156  118  0  0 100  0  0
 0  0  58036 64305248   5420 437140    0    0     0     2  100   67  0  0 100  0  0
 0  0  58036 64305248   5420 437140    0    0     0     0  146  113  0  0 100  0  0
 0  0  58036 64305248   5420 437140    0    0     0    13  101   70  0  0 100  0  0
 0  0  58036 64305248   5420 437140    0    0     0     2  153  119  0  0 100  0  0
 0  0  58036 64305248   5420 437140    0    0     0     0  110   71  0  0 100  0  0
 0  0  58036 64305248   5420 437140    0    0     0     0  149  115  0  0 100  0  0
