procs -----------memory---------- ---swap-- -----io---- -system-- ------cpu-----
 r  b   swpd   free   buff  cache   si   so    bi    bo   in   cs us sy id wa st
 0  1  58036 64182988   5428 561460    0    0   223   289    0    0  1  0 99  0  0
 0  0  58036 64177032   5428 562476    0    0  1164     0  176  154  0  0 100  0  0
 0  0  58036 64176768   5428 562476    0    0     0     0  165   88  0  0 100  0  0
 0  0  58036 64176768   5428 562476    0    0     0     0  145  167  0  0 100  0  0
 0  0  58036 64176768   5428 562476    0    0     0     0  127   72  0  0 100  0  0
 0  0  58036 64176768   5428 562476    0    0     0    72  147  155  0  0 100  0  0
 0  0  58036 64176768   5428 562476    0    0     0     0  145   90  0  0 100  0  0
 0  0  58036 64176768   5428 562476    0    0     0     0   83   70  0  0 100  0  0
 0  0  58036 64176768   5428 562476    0    0     0     0  167  114  0  0 100  0  0
 0  0  58036 64176768   5428 562476    0    0     0     0  151  135  0  0 100  0  0
 0  0  58036 64176248   5428 562476    0    0     0     0  189  110  0  0 100  0  0
 0  0  58036 64176684   5428 562476    0    0     0     4  160  135  0  0 100  0  0
 0  0  58036 64176684   5428 562476    0    0     0     0  236  171  0  0 100  0  0
 0  0  58036 64177120   5428 562476    0    0     0     0  203  184  0  0 100  0  0
 0  0  58036 64177120   5428 562476    0    0     0     0  160  111  0  0 100  0  0
 0  0  58036 64177120   5428 562476    0    0     0     0  133   93  0  0 100  0  0
 0  0  58036 64177120   5428 562476    0    0     0     4  227  221  0  0 100  0  0
 0  0  58036 64177120   5428 562476    0    0     0     0  160  163  0  0 100  0  0
 0  0  58036 64177120   5428 562476    0    0     0     4  136   77  0  0 100  0  0
 0  0  58036 64177120   5428 562476    0    0     0     0   92   74  0  0 100  0  0
 0  0  58036 64177120   5428 562476    0    0     0     0  261  182  0  0 100  0  0
 0  0  58036 64177120   5428 562476    0    0     0     0  134  116  0  0 100  0  0
 0  0  58036 64177120   5428 562476    0    0     0     4  138   76  0  0 100  0  0
 0  0  58036 64177120   5428 562476    0    0     0     0   78   64  0  0 100  0  0
 0  0  58036 64177120   5428 562476    0    0     0     0  173  118  0  0 100  0  0
 0  0  58036 64177120   5428 562476    0    0     0     0  122  112  0  0 100  0  0
 0  0  58036 64177120   5428 562476    0    0     0     0  146   84  0  0 100  0  0
 0  0  58036 64177120   5428 562476    0    0     0     0   75   68  0  0 100  0  0
 0  0  58036 64177120   5428 562476    0    0     0     4  175  122  0  0 100  0  0
 0  0  58036 64177120   5428 562476    0    0     0     0  138  120  0  0 100  0  0
 0  0  58036 64177120   5428 562476    0    0     0     0  124   66  0  0 100  0  0
 0  0  58036 64177120   5428 562476    0    0     0     0   80   70  0  0 100  0  0
 0  0  58036 64177120   5428 562476    0    0     0     0  176  122  0  0 100  0  0
 0  0  58036 64177120   5428 562476    0    0     0     0  120  110  0  0 100  0  0
 0  0  58036 64177120   5428 562476    0    0     0     4  123   70  0  0 100  0  0
 0  0  58036 64177120   5428 562476    0    0    64  1192  224  222  0  0 100  0  0
 0  0  58036 64177120   5428 562476    0    0     0     0  185  130  0  0 100  0  0
 0  0  58036 64177120   5428 562476    0    0     0     0  122  110  0  0 100  0  0
 0  0  58036 64177120   5428 562476    0    0     0     0  123   68  0  0 100  0  0
 0  0  58036 64177120   5428 562476    0    0     0     0   93   76  0  0 100  0  0
 0  0  58036 64177120   5428 562476    0    0     0     4  184  130  0  0 100  0  0
 0  0  58036 64177120   5428 562476    0    0     0     0  120  110  0  0 100  0  0
 0  0  58036 64177120   5428 562476    0    0     0     0  123   66  0  0 100  0  0
 0  0  58036 64177120   5428 562476    0    0     0     0   73   64  0  0 100  0  0
 0  0  58036 64177120   5428 562476    0    0     0     0  179  124  0  0 100  0  0
 0  0  58036 64177120   5428 562476    0    0     0     0  114  106  0  0 100  0  0
 0  0  58036 64177120   5428 562476    0    0     0     4  125   72  0  0 100  0  0
 0  0  58036 64175944   5428 562476    0    0     0     0   76   66  0  0 100  0  0
 0  0  58036 64175944   5428 562476    0    0     0     0  182  128  0  0 100  0  0
 0  0  58036 64175944   5428 562476    0    0     0     0  132  114  0  0 100  0  0
 0  0  58036 64175944   5428 562476    0    0     0     0  124   66  0  0 100  0  0
 0  0  58036 64175944   5428 562476    0    0     0     0   79   72  0  0 100  0  0
 0  0  58036 64175944   5428 562476    0    0     0     8  188  134  0  0 100  0  0
 0  0  58036 64175944   5428 562476    0    0     0     0  110  100  0  0 100  0  0
 0  0  58036 64175944   5428 562476    0    0     0     0  168  122  0  0 100  0  0
 0  0  58036 64175408   5428 562476    0    0     0     0  333  156  0  0 100  0  0
 0  0  58036 64175408   5428 562476    0    0     0     0  204  142  0  0 100  0  0
 0  0  58036 64175408   5428 562476    0    0     0     0  113  104  0  0 100  0  0
 0  0  58036 64175408   5428 562476    0    0     0     8  129   76  0  0 100  0  0
 0  0  58036 64175408   5428 562476    0    0     0     0   96   78  0  0 100  0  0
 0  0  58036 64175408   5428 562476    0    0     0     0  189  134  0  0 100  0  0
 0  0  58036 64175408   5428 562476    0    0     0     0  108   98  0  0 100  0  0
 0  0  58036 64175408   5428 562476    0    0     0     0  124   66  0  0 100  0  0
 0  0  58036 64175408   5428 562476    0    0     0     0   75   68  0  0 100  0  0
 0  0  58036 64175408   5428 562476    0    0     0     4  190  134  0  0 100  0  0
 0  0  58036 64175408   5428 562476    0    0     0    58  138  116  0  0 100  0  0
 0  0  58036 64175408   5428 562476    0    0     0     0  135   76  0  0 100  0  0
 0  0  58036 64175408   5428 562476    0    0     0     0   83   70  0  0 100  0  0
 0  0  58036 64175408   5428 562476    0    0     0     0  189  136  0  0 100  0  0
 0  0  58036 64175408   5428 562476    0    0     0     0  125  108  0  0 100  0  0
 0  0  58036 64175408   5428 562476    0    0     0     4  125   70  0  0 100  0  0
 0  0  58036 64175408   5428 562476    0    0     0     0   78   68  0  0 100  0  0
 0  0  58036 64175408   5428 562476    0    0     0     0  190  136  0  0 100  0  0
 0  0  58036 64175408   5428 562476    0    0     0     0  105   94  0  0 100  0  0
 0  0  58036 64175408   5428 562476    0    0     0     0  121   66  0  0 100  0  0
 0  0  58036 64175408   5428 562476    0    0     0     0   76   68  0  0 100  0  0
 0  0  58036 64175408   5428 562476    0    0     0     4  216  156  0  0 100  0  0
 0  0  58036 64175408   5428 562476    0    0     0     0  106   92  0  0 100  0  0
 0  0  58036 64175408   5428 562476    0    0     0     0  122   68  0  0 100  0  0
 0  0  58036 64175408   5428 562476    0    0     0     0   94   76  0  0 100  0  0
 0  0  58036 64175408   5428 562476    0    0     0     0  193  136  0  0 100  0  0
 0  0  58036 64175408   5428 562476    0    0     0     0  101   94  0  0 100  0  0
 0  0  58036 64175408   5428 562476    0    0     0     4  127   70  0  0 100  0  0
 0  0  58036 64175408   5428 562476    0    0     0     0   72   64  0  0 100  0  0
 0  0  58036 64175408   5428 562476    0    0     0     0  193  140  0  0 100  0  0
 0  0  58036 64175408   5428 562476    0    0     0     0  104   92  0  0 100  0  0
 0  0  58036 64175408   5428 562476    0    0     0     0  145   84  0  0 100  0  0
 0  0  58036 64175408   5428 562476    0    0     0     0   77   70  0  0 100  0  0
 0  0  58036 64175408   5428 562476    0    0     0     4  196  144  0  0 100  0  0
 0  0  58036 64175408   5428 562476    0    0     0     0  114   96  0  0 100  0  0
 0  0  58036 64175408   5428 562476    0    0     0     0  124   68  0  0 100  0  0
 0  0  58036 64175408   5428 562476    0    0     0     0   72   64  0  0 100  0  0
 0  0  58036 64175408   5428 562476    0    0     0     0  196  140  0  0 100  0  0
 0  0  58036 64175408   5428 562476    0    0     0     0   99   90  0  0 100  0  0
 0  0  58036 64175408   5428 562476    0    0     0     4  129   74  0  0 100  0  0
 0  0  58036 64175408   5428 562476    0    0     0    25   84   80  0  0 100  0  0
 0  0  58036 64175408   5428 562476    0    0     0     0  198  144  0  0 100  0  0
 0  0  58036 64175408   5428 562476    0    0     0     0   98   86  0  0 100  0  0
 0  0  58036 64175408   5428 562476    0    0     0     0  125   70  0  0 100  0  0
 0  0  58036 64175408   5428 562476    0    0     0     0   94   78  0  0 100  0  0
 0  0  58036 64175408   5428 562476    0    0     0     8  203  150  0  0 100  0  0
 0  0  58036 64175408   5428 562476    0    0     0     0   98   86  0  0 100  0  0
 0  0  58036 64175408   5428 562476    0    0     0     0  124   68  0  0 100  0  0
 0  0  58036 64175408   5428 562476    0    0     0     0   78   68  0  0 100  0  0
 0  0  58036 64175408   5428 562476    0    0     0     0  200  146  0  0 100  0  0
 0  0  58036 64175408   5428 562476    0    0     0     0   96   84  0  0 100  0  0
 0  0  58036 64175408   5428 562476    0    0     0     4  123   70  0  0 100  0  0
 0  0  58036 64175408   5428 562476    0    0     0     0   77   66  0  0 100  0  0
 0  0  58036 64175408   5428 562476    0    0     0     0  208  148  0  0 100  0  0
 0  0  58036 64175408   5428 562476    0    0     0     0  117   90  0  0 100  0  0
 0  0  58036 64175408   5428 562476    0    0     0     0  125   69  0  0 100  0  0
 0  0  58036 64175408   5428 562476    0    0     0     0   75   68  0  0 100  0  0
 0  0  58036 64175408   5428 562476    0    0     0     4  212  158  0  0 100  0  0
 0  0  58036 64175408   5428 562476    0    0     0     0   89   78  0  0 100  0  0
 0  0  58036 64175408   5428 562476    0    0     0     0  122   68  0  0 100  0  0
 0  0  58036 64175408   5428 562476    0    0     0     0   73   64  0  0 100  0  0
 0  0  58036 64175408   5428 562476    0    0     0     0  209  156  0  0 100  0  0
 0  0  58036 64175408   5428 562476    0    0     0     0   90   82  0  0 100  0  0
 0  0  58036 64175408   5428 562476    0    0     0     4  124   70  0  0 100  0  0
 0  0  58036 64175408   5428 562476    0    0     0     0   91   74  0  0 100  0  0
 0  0  58036 64175408   5428 562476    0    0     0     0  209  154  0  0 100  0  0
 0  1  58036 64179816   5428 562476    0    0    32    14  194  193  0  0 98  2  0
