_bloom_bits_8
bloom_bits from config:32705
filter policy name:leveldb.DynamicBloomFilter 
Options used in leveldb
compression	max_file_size	write_buffer_size	max_open_files
 NoCompress	          2MB	              4MB	         50000
glsm --- hierarchical bloom filter

                               Compactions
Level  Files Size(MB) Time(sec) Read(MB) Write(MB)
--------------------------------------------------
  0        5       17      1423        0     54760
  1       16       31      3163    64678     64319
  2        9       19       297     6959      6961
  3        3        6         0        0         0
  4        3        6         0        0         0
  5        4        6         1       18        18
  6       12       25        17      404       404
  7       13       25         4       93        93
  8       12       25         0        0         0
  9       13       25         0        0         0
 10       12       25         0        0         0
 11       13       25         0        0         0
 12       12       25         0        0         0
 13       13       25         0        0         0
 14       12       25         0        0         0
 15       13       25       749    13383     13384
 16      132      255     17287   387756    387176
 17      127      256       534    12389     12383
 18      127      256         0        0         0
 19      127      256         0        0         0
 20      127      256         0        0         0
 21      127      257         0        0         0
 22      126      255         0        0         0
 23      127      256         0        0         0
 24      126      255         0        0         0
 25      126      255       203     4309      4309
 26     1320     2568     12992   301129    300483
 27     1254     2568        43     1021      1021
 28     1254     2568         0        0         0
 29     1256     2569         0        0         0
 30     1255     2568         0        0         0
 31     1256     2568         0        0         0
 32     1257     2569         0        0         0
 33     1257     2569         0        0         0
 34     1253     2568         0        0         0
 35     1254     2568         0        0         0
 36    11945    24329      3697    88574     88308

 bloomFilterCompare Count:0 readTableCount:0 

 Compaction Count:845259 TrivialMoveCount:767455 


WRITE latency
-nanusWrite ops:0
READ latency
-nanusRead ops:0
Not found num: 0
                               Compactions
Level  Files Size(MB) Time(sec) Read(MB) Write(MB)
--------------------------------------------------
  0        5       17      1423        0     54760
  1       16       31      3163    64678     64319
  2        9       19       297     6959      6961
  3        3        6         0        0         0
  4        3        6         0        0         0
  5        4        6         1       18        18
  6       12       25        17      404       404
  7       13       25         4       93        93
  8       12       25         0        0         0
  9       13       25         0        0         0
 10       12       25         0        0         0
 11       13       25         0        0         0
 12       12       25         0        0         0
 13       13       25         0        0         0
 14       12       25         0        0         0
 15       13       25       749    13383     13384
 16      132      255     17287   387756    387176
 17      127      256       534    12389     12383
 18      127      256         0        0         0
 19      127      256         0        0         0
 20      127      256         0        0         0
 21      127      257         0        0         0
 22      126      255         0        0         0
 23      127      256         0        0         0
 24      126      255         0        0         0
 25      126      255       203     4309      4309
 26     1320     2568     12992   301129    300483
 27     1254     2568        43     1021      1021
 28     1254     2568         0        0         0
 29     1256     2569         0        0         0
 30     1255     2568         0        0         0
 31     1256     2568         0        0         0
 32     1257     2569         0        0         0
 33     1257     2569         0        0         0
 34     1253     2568         0        0         0
 35     1254     2568         0        0         0
 36    11945    24329      3697    88574     88308

 bloomFilterCompare Count:0 readTableCount:0 

 Compaction Count:845259 TrivialMoveCount:767455 

                               Compactions
Level  Files Size(MB) Time(sec) Read(MB) Write(MB)
--------------------------------------------------
  0        0        0      1423        0     54764
  1        1        2      3164    64703     64344
  2        1        2       297     6963      6965
  3        1        2         0        0         0
  4        1        2         0        0         0
  5        1        2         1       18        18
  6        4        8        17      404       404
  7        4        8         4       93        93
  8        4        8         0        0         0
  9        5        8         0        0         0
 10        4        8         0        0         0
 11        4        8         0        0         0
 12        4        8         0        0         0
 13        4        8         0        0         0
 14        4        8         0        0         0
 15        5        8       751    13420     13421
 16       48       98     17344   388999    388417
 17       49       99       536    12433     12426
 18       49       99         0        0         0
 19       52      100         0        0         0
 20       49       99         0        0         0
 21       49       99         0        0         0
 22       49      100         0        0         0
 23       49       98         0        0         0
 24       50      100         0        0         0
 25       49       99       205     4344      4344
 26      488      998     13351   309059    308392
 27      487      999        44     1042      1041
 28      487      998         0        0         0
 29      487      999         0        0         0
 30      488      999         0        0         0
 31      488      999         0        0         0
 32      488      999         0        0         0
 33      489     1000         0        0         0
 34      487      999         0        0         0
 35      488      999         0        0         0
 36     4912     9999      7127   169862    169400
 37     4907     9998         1       29        28
 38     4913     9999         0        0         0
 39     4911    10000         0        0         0
 40      796     1621         0        0         0

 bloomFilterCompare Count:0 readTableCount:0 

 Compaction Count:935364 TrivialMoveCount:850009 

--------------abover are untilCompactionEnds output--------------


---------------------READ STATISTICS-----------------------------------------
type   		count		min		ave		max

