_bloom_bits_4
bloom_bits from config:32607
filter policy name:leveldb.DynamicBloomFilter 
Options used in leveldb
compression	max_file_size	write_buffer_size	max_open_files
 NoCompress	          2MB	              4MB	         50000
glsm --- hierarchical bloom filter

                               Compactions
Level  Files Size(MB) Time(sec) Read(MB) Write(MB)
--------------------------------------------------
  0        7       23      1228        0     53591
  1       15       29      3125    63417     63059
  2        9       16       280     6856      6858
  3        3        6         0        0         0
  4        3        6         0        0         0
  5        3        6         1       18        18
  6       12       24        24      610       609
  7       13       24         4      116       116
  8       13       24         0        0         0
  9       12       24         0        0         0
 10       13       24         0        0         0
 11       12       24         0        0         0
 12       13       24         0        0         0
 13       12       24         0        0         0
 14       13       24         0        0         0
 15       12       24       704    13044     13045
 16      130      249     17140   384623    384327
 17      125      248       509    11997     11991
 18      124      248         0        0         0
 19      126      249         0        0         0
 20      124      249         0        0         0
 21      125      248         0        0         0
 22      126      249         0        0         0
 23      126      250         0        0         0
 24      126      249         0        0         0
 25      124      249       211     4650      4650
 26     1286     2500     13028   299448    299168
 27     1232     2499        45     1039      1038
 28     1236     2499         0        0         0
 29     1234     2499         0        0         0
 30     1233     2499         0        0         0
 31     1231     2499         0        0         0
 32     1233     2499         0        0         0
 33     1231     2499         0        0         0
 34     1231     2500         0        0         0
 35     1232     2498         0        0         0
 36    12177    24742      3859    90702     90606

 bloomFilterCompare Count:0 readTableCount:0 

 Compaction Count:845550 TrivialMoveCount:767241 


WRITE latency
-nanusWrite ops:0
READ latency
-nanusRead ops:0
Not found num: 0
                               Compactions
Level  Files Size(MB) Time(sec) Read(MB) Write(MB)
--------------------------------------------------
  0        8       27      1228        0     53591
  1       15       29      3125    63417     63059
  2        9       16       280     6856      6858
  3        3        6         0        0         0
  4        3        6         0        0         0
  5        3        6         1       18        18
  6       12       24        24      610       609
  7       13       24         4      116       116
  8       13       24         0        0         0
  9       12       24         0        0         0
 10       13       24         0        0         0
 11       12       24         0        0         0
 12       13       24         0        0         0
 13       12       24         0        0         0
 14       13       24         0        0         0
 15       12       24       704    13044     13045
 16      130      249     17140   384623    384327
 17      125      248       509    11997     11991
 18      124      248         0        0         0
 19      126      249         0        0         0
 20      124      249         0        0         0
 21      125      248         0        0         0
 22      126      249         0        0         0
 23      126      250         0        0         0
 24      126      249         0        0         0
 25      124      249       211     4650      4650
 26     1286     2500     13028   299448    299168
 27     1232     2499        45     1039      1038
 28     1236     2499         0        0         0
 29     1234     2499         0        0         0
 30     1233     2499         0        0         0
 31     1231     2499         0        0         0
 32     1233     2499         0        0         0
 33     1231     2499         0        0         0
 34     1231     2500         0        0         0
 35     1232     2498         0        0         0
 36    12177    24742      3859    90702     90606

 bloomFilterCompare Count:0 readTableCount:0 

 Compaction Count:845551 TrivialMoveCount:767242 

                               Compactions
Level  Files Size(MB) Time(sec) Read(MB) Write(MB)
--------------------------------------------------
  0        0        0      1228        0     53591
  1        1        2      3127    63449     63091
  2        1        2       280     6865      6866
  3        1        2         0        4         4
  4        1        2         0        0         0
  5        1        2         1       18        18
  6        4        8        24      610       609
  7        5        9         4      116       116
  8        4        8         0        0         0
  9        4        8         0        0         0
 10        4        8         0        0         0
 11        4        8         0        0         0
 12        4        8         0        0         0
 13        5        8         0        0         0
 14        4        8         0        0         0
 15        4        8       706    13085     13086
 16       50      100     17197   385849    385552
 17       50       99       512    12073     12066
 18       50      100         0        0         0
 19       49       98         0        0         0
 20       50       99         0        0         0
 21       51       99         0        0         0
 22       49       99         0        0         0
 23       49       99         0        0         0
 24       50      100         0        0         0
 25       50      100       212     4662      4662
 26      496      999     13401   307653    307365
 27      491      998        47     1082      1081
 28      492      999         0        0         0
 29      491      998         0        0         0
 30      492     1000         0        0         0
 31      492     1000         0        0         0
 32      494      999         0        0         0
 33      496      999         0        0         0
 34      493      999         0        0         0
 35      492      999         0        0         0
 36     4927     9999      7183   167599    167428
 37     4919    10000         1       22        22
 38     4924     9998         0        0         0
 39     4922     9998         0        0         0
 40      690     1402         0        0         0

 bloomFilterCompare Count:0 readTableCount:0 

 Compaction Count:933470 TrivialMoveCount:848015 

--------------abover are untilCompactionEnds output--------------


---------------------READ STATISTICS-----------------------------------------
type   		count		min		ave		max

