_bloom_bits_4
bloom_bits from config:32584
filter policy name:leveldb.DynamicBloomFilter 
Options used in leveldb
compression	max_file_size	write_buffer_size	max_open_files
 NoCompress	          2MB	              4MB	         50000
glsm --- hierarchical bloom filter

                               Compactions
Level  Files Size(MB) Time(sec) Read(MB) Write(MB)
--------------------------------------------------
  0        3       10      1296        0     54764
  1       17       35      3098    65017     64623
  2        6       12       281     7133      7134
  3        3        6         0        0         0
  4        3        6         0        0         0
  5        3        6         0        0         0
  6       12       24         7      180       180
  7       12       25         1       25        25
  8       12       24         0        0         0
  9       12       25         0        0         0
 10       12       24         0        0         0
 11       12       24         0        0         0
 12       12       25         0        0         0
 13       12       24         0        0         0
 14       12       25         0        0         0
 15       17       24       638    13345     13346
 16      126      249     16535   391987    391269
 17      124      249       537    12994     12987
 18      122      248         0        0         0
 19      124      250         0        0         0
 20      124      249         0        0         0
 21      123      248         0        0         0
 22      124      248         0        0         0
 23      124      250         0        0         0
 24      125      250         0        0         0
 25      126      250       200     4668      4668
 26     1288     2499     12378   301914    301279
 27     1229     2499        43     1057      1056
 28     1228     2499         0        0         0
 29     1223     2499         0        0         0
 30     1226     2499         0        0         0
 31     1224     2500         0        0         0
 32     1222     2498         0        0         0
 33     1225     2500         0        0         0
 34     1226     2500         0        0         0
 35     1226     2499         0        0         0
 36    12282    24935      3674    93179     92903

 bloomFilterCompare Count:0 readTableCount:0 

 Compaction Count:846231 TrivialMoveCount:767578 


WRITE latency
-nanusWrite ops:0
READ latency
-nanusRead ops:0
Not found num: 0
                               Compactions
Level  Files Size(MB) Time(sec) Read(MB) Write(MB)
--------------------------------------------------
  0        3       10      1296        0     54764
  1       16       33      3098    65017     64623
  2        7       14       281     7133      7134
  3        3        6         0        0         0
  4        3        6         0        0         0
  5        3        6         0        0         0
  6       12       24         7      180       180
  7       12       25         1       25        25
  8       12       24         0        0         0
  9       12       25         0        0         0
 10       12       24         0        0         0
 11       12       24         0        0         0
 12       12       25         0        0         0
 13       12       24         0        0         0
 14       12       25         0        0         0
 15       17       24       638    13345     13346
 16      126      249     16535   391987    391269
 17      124      249       537    12994     12987
 18      122      248         0        0         0
 19      124      250         0        0         0
 20      124      249         0        0         0
 21      123      248         0        0         0
 22      124      248         0        0         0
 23      124      250         0        0         0
 24      125      250         0        0         0
 25      126      250       200     4668      4668
 26     1288     2499     12378   301914    301279
 27     1229     2499        43     1057      1056
 28     1228     2499         0        0         0
 29     1223     2499         0        0         0
 30     1226     2499         0        0         0
 31     1224     2500         0        0         0
 32     1222     2498         0        0         0
 33     1225     2500         0        0         0
 34     1226     2500         0        0         0
 35     1226     2499         0        0         0
 36    12282    24935      3674    93179     92903

 bloomFilterCompare Count:0 readTableCount:0 

 Compaction Count:846232 TrivialMoveCount:767579 

                               Compactions
Level  Files Size(MB) Time(sec) Read(MB) Write(MB)
--------------------------------------------------
  0        3       10      1296        0     54764
  1        1        2      3098    65017     64623
  2        1        2       281     7133      7134
  3        1        2         0        0         0
  4        1        2         0        0         0
  5        1        2         0        0         0
  6        4        8         7      180       180
  7        4        8         1       25        25
  8        5       10         0        0         0
  9        4        8         0        0         0
 10        4        8         0        0         0
 11        4        8         0        0         0
 12        4        8         0        0         0
 13        4        8         0        0         0
 14        5        9         0        0         0
 15        4        8       639    13372     13373
 16       48       98     16587   393195    392474
 17       49       99       539    13033     13026
 18       50       99         0        0         0
 19       49      100         0        0         0
 20       50       98         0        0         0
 21       49       99         0        0         0
 22       49       99         0        0         0
 23       48       98         0        0         0
 24       49      100         0        0         0
 25       49      100       201     4689      4689
 26      495     1000     12725   309997    309343
 27      488      998        44     1071      1071
 28      489     1000         0        0         0
 29      488      998         0        0         0
 30      490      999         0        0         0
 31      491      999         0        0         0
 32      491      998         0        0         0
 33      491      998         0        0         0
 34      492     1000         0        0         0
 35      489     1000         0        0         0
 36     4928     9998      6705   169298    168837
 37     4923    10000         1       24        24
 38     4928     9999         0        0         0
 39     4926    10000         0        0         0
 40      713     1448         0        0         0

 bloomFilterCompare Count:0 readTableCount:0 

 Compaction Count:933355 TrivialMoveCount:847590 

--------------abover are untilCompactionEnds output--------------


---------------------READ STATISTICS-----------------------------------------
type   		count		min		ave		max

