_bloom_bits_6
bloom_bits from config:32513
filter policy name:leveldb.DynamicBloomFilter 
Options used in leveldb
compression	max_file_size	write_buffer_size	max_open_files
 NoCompress	          2MB	              4MB	         50000
glsm --- hierarchical bloom filter

                               Compactions
Level  Files Size(MB) Time(sec) Read(MB) Write(MB)
--------------------------------------------------
  0        0        0      1200        0     53679
  1       20       39      3080    63718     63362
  2        4        7       271     6973      6975
  3        3        6         0        0         0
  4        3        6         0        0         0
  5        3        6         1       18        18
  6       12       23        18      483       482
  7       12       24         3       79        79
  8       13       24         0        0         0
  9       12       24         0        0         0
 10       13       24         0        0         0
 11       12       24         0        0         0
 12       12       23         0        0         0
 13       12       24         0        0         0
 14       12       23         0        0         0
 15       16       23       661    13122     13123
 16      129      249     16708   388559    388262
 17      127      250       503    12189     12182
 18      125      249         0        0         0
 19      125      249         0        0         0
 20      125      249         0        0         0
 21      127      250         0        0         0
 22      125      248         0        0         0
 23      126      249         0        0         0
 24      126      249         0        0         0
 25      125      248       201     4569      4569
 26     1298     2500     12685   301019    300738
 27     1229     2500        43     1013      1012
 28     1233     2499         0        0         0
 29     1228     2498         0        0         0
 30     1234     2499         0        0         0
 31     1231     2500         0        0         0
 32     1234     2499         0        0         0
 33     1233     2499         0        0         0
 34     1228     2498         0        0         0
 35     1230     2499         0        0         0
 36    12214    24858      3759    91625     91529

 bloomFilterCompare Count:0 readTableCount:0 

 Compaction Count:845731 TrivialMoveCount:767131 


WRITE latency
-nanusWrite ops:0
READ latency
-nanusRead ops:0
Not found num: 0
                               Compactions
Level  Files Size(MB) Time(sec) Read(MB) Write(MB)
--------------------------------------------------
  0        0        0      1200        0     53679
  1       20       39      3080    63718     63362
  2        4        7       271     6973      6975
  3        3        6         0        0         0
  4        3        6         0        0         0
  5        3        6         1       18        18
  6       12       23        18      483       482
  7       12       24         3       79        79
  8       13       24         0        0         0
  9       12       24         0        0         0
 10       13       24         0        0         0
 11       12       24         0        0         0
 12       12       23         0        0         0
 13       12       24         0        0         0
 14       12       23         0        0         0
 15       16       23       661    13122     13123
 16      129      249     16708   388559    388262
 17      127      250       503    12189     12182
 18      125      249         0        0         0
 19      125      249         0        0         0
 20      125      249         0        0         0
 21      127      250         0        0         0
 22      125      248         0        0         0
 23      126      249         0        0         0
 24      126      249         0        0         0
 25      125      248       201     4569      4569
 26     1298     2500     12685   301019    300738
 27     1229     2500        43     1013      1012
 28     1233     2499         0        0         0
 29     1228     2498         0        0         0
 30     1234     2499         0        0         0
 31     1231     2500         0        0         0
 32     1234     2499         0        0         0
 33     1233     2499         0        0         0
 34     1228     2498         0        0         0
 35     1230     2499         0        0         0
 36    12214    24858      3759    91625     91529

 bloomFilterCompare Count:0 readTableCount:0 

 Compaction Count:845731 TrivialMoveCount:767131 

                               Compactions
Level  Files Size(MB) Time(sec) Read(MB) Write(MB)
--------------------------------------------------
  0        0        0      1200        0     53679
  1        2        3      3080    63718     63362
  2        1        2       271     6979      6981
  3        1        2         0        0         0
  4        1        2         0        0         0
  5        1        2         1       18        18
  6        4        8        18      483       482
  7        4        8         3       79        79
  8        4        8         0        0         0
  9        5        9         0        0         0
 10        4        8         0        0         0
 11        4        8         0        0         0
 12        4        8         0        0         0
 13        4        8         0        0         0
 14        5        9         0        0         0
 15        4        8       662    13144     13145
 16       51       99     16758   389694    389396
 17       51      100       506    12261     12255
 18       51      100         0        0         0
 19       50       98         0        0         0
 20       52      100         0        0         0
 21       49       98         0        0         0
 22       50       98         0        0         0
 23       50      100         0        0         0
 24       51       99         0        0         0
 25       49       99       203     4616      4616
 26      493      999     13005   308399    308110
 27      491     1000        44     1037      1036
 28      491      999         0        0         0
 29      491     1000         0        0         0
 30      491      999         0        0         0
 31      491      998         0        0         0
 32      491      998         0        0         0
 33      495     1000         0        0         0
 34      492      998         0        0         0
 35      491      999         0        0         0
 36     4919     9998      6919   168118    167947
 37     4911     9999         1       16        16
 38     4917    10000         0        0         0
 39     4915    10000         0        0         0
 40      731     1488         0        0         0

 bloomFilterCompare Count:0 readTableCount:0 

 Compaction Count:933227 TrivialMoveCount:847508 

--------------abover are untilCompactionEnds output--------------


---------------------READ STATISTICS-----------------------------------------
type   		count		min		ave		max

