_bloom_bits_8
bloom_bits from config:32552
filter policy name:leveldb.DynamicBloomFilter 
Options used in leveldb
compression	max_file_size	write_buffer_size	max_open_files
 NoCompress	          2MB	              4MB	         50000
glsm --- hierarchical bloom filter

                               Compactions
Level  Files Size(MB) Time(sec) Read(MB) Write(MB)
--------------------------------------------------
  0        4       13      1191        0     53754
  1       17       33      3020    63817     63461
  2        6       12       265     6995      6997
  3        4        7         0        0         0
  4        3        6         0        0         0
  5        3        6         0        0         0
  6       12       23        14      392       391
  7       12       24         2       43        43
  8       12       24         0        0         0
  9       12       24         0        0         0
 10       12       23         0        0         0
 11       12       24         0        0         0
 12       12       23         0        0         0
 13       12       24         0        0         0
 14       12       23         0        0         0
 15       18       22       602    13051     13051
 16      128      250     15984   387209    386913
 17      125      248       499    12499     12493
 18      126      248         0        0         0
 19      126      249         0        0         0
 20      126      250         0        0         0
 21      124      250         0        0         0
 22      124      249         0        0         0
 23      124      249         0        0         0
 24      127      249         0        0         0
 25      126      250       193     4589      4589
 26     1278     2499     12156   300058    299778
 27     1227     2498        40      998       998
 28     1230     2498         0        0         0
 29     1227     2499         0        0         0
 30     1231     2499         0        0         0
 31     1227     2498         0        0         0
 32     1229     2500         0        0         0
 33     1231     2498         0        0         0
 34     1228     2499         0        0         0
 35     1232     2500         0        0         0
 36    12228    24922      3681    93281     93182

 bloomFilterCompare Count:0 readTableCount:0 

 Compaction Count:845180 TrivialMoveCount:766615 


WRITE latency
-nanusWrite ops:0
READ latency
-nanusRead ops:0
Not found num: 0
                               Compactions
Level  Files Size(MB) Time(sec) Read(MB) Write(MB)
--------------------------------------------------
  0        4       13      1191        0     53754
  1       16       31      3020    63817     63461
  2        7       14       265     6995      6997
  3        4        7         0        0         0
  4        3        6         0        0         0
  5        3        6         0        0         0
  6       12       23        14      392       391
  7       12       24         2       43        43
  8       12       24         0        0         0
  9       12       24         0        0         0
 10       12       23         0        0         0
 11       12       24         0        0         0
 12       12       23         0        0         0
 13       12       24         0        0         0
 14       12       23         0        0         0
 15       18       22       602    13051     13051
 16      128      250     15984   387209    386913
 17      125      248       499    12499     12493
 18      126      248         0        0         0
 19      126      249         0        0         0
 20      126      250         0        0         0
 21      124      250         0        0         0
 22      124      249         0        0         0
 23      124      249         0        0         0
 24      127      249         0        0         0
 25      126      250       193     4589      4589
 26     1278     2499     12156   300058    299778
 27     1227     2498        40      998       998
 28     1230     2498         0        0         0
 29     1227     2499         0        0         0
 30     1231     2499         0        0         0
 31     1227     2498         0        0         0
 32     1229     2500         0        0         0
 33     1231     2498         0        0         0
 34     1228     2499         0        0         0
 35     1232     2500         0        0         0
 36    12228    24922      3681    93281     93182

 bloomFilterCompare Count:0 readTableCount:0 

 Compaction Count:845181 TrivialMoveCount:766616 

                               Compactions
Level  Files Size(MB) Time(sec) Read(MB) Write(MB)
--------------------------------------------------
  0        0        0      1191        0     53754
  1        1        1      3021    63833     63477
  2        1        2       265     6999      7001
  3        1        2         0        4         4
  4        1        2         0        0         0
  5        1        2         0        0         0
  6        4        8        14      392       391
  7        5        9         2       43        43
  8        4        8         0        0         0
  9        4        8         0        0         0
 10        4        8         0        0         0
 11        4        8         0        0         0
 12        5        9         0        0         0
 13        4        8         0        0         0
 14        4        8         0        0         0
 15        4        8       603    13077     13078
 16       52       99     16036   388395    388098
 17       49       99       501    12550     12544
 18       51       99         0        0         0
 19       51      100         0        0         0
 20       50       98         0        0         0
 21       50       98         0        0         0
 22       50       99         0        0         0
 23       50      100         0        0         0
 24       50       99         0        0         0
 25       50       98       194     4618      4618
 26      492     1000     12505   308104    307815
 27      490      999        40     1019      1018
 28      490      999         0        0         0
 29      491     1000         0        0         0
 30      490      999         0        0         0
 31      491      998         0        0         0
 32      490      999         0        0         0
 33      491      998         0        0         0
 34      493      998         0        0         0
 35      490      998         0        0         0
 36     4910     9999      6767   169526    169353
 37     4903     9998         1       24        24
 38     4910     9998         0        0         0
 39     4907     9999         0        0         0
 40      770     1569         0        0         0

 bloomFilterCompare Count:0 readTableCount:0 

 Compaction Count:932922 TrivialMoveCount:847106 

--------------abover are untilCompactionEnds output--------------


---------------------READ STATISTICS-----------------------------------------
type   		count		min		ave		max

