_bloom_bits_2
bloom_bits from config:32703
filter policy name:leveldb.DynamicBloomFilter 
Options used in leveldb
compression	max_file_size	write_buffer_size	max_open_files
 NoCompress	          2MB	              4MB	         50000
glsm --- hierarchical bloom filter

                               Compactions
Level  Files Size(MB) Time(sec) Read(MB) Write(MB)
--------------------------------------------------
  0        3       10      1329        0     54764
  1       20       40      3136    64981     64625
  2        3        6       286     7067      7068
  3        4        6         0        0         0
  4        3        6         0        0         0
  5        3        6         1       18        18
  6       12       25        19      489       487
  7       13       25         4      101       101
  8       12       25         0        0         0
  9       13       25         0        0         0
 10       12       25         0        0         0
 11       13       25         0        0         0
 12       13       25         0        0         0
 13       12       25         0        0         0
 14       13       25         0        0         0
 15       16       25       691    13407     13368
 16      131      249     17015   391639    390850
 17      124      250       527    12418     12412
 18      125      249         0        0         0
 19      124      249         0        0         0
 20      123      248         0        0         0
 21      125      250         0        0         0
 22      126      250         0        0         0
 23      123      249         0        0         0
 24      124      249         0        0         0
 25      126      249       205     4587      4587
 26     1271     2500     12729   302200    301552
 27     1232     2500        45     1070      1070
 28     1229     2499         0        0         0
 29     1225     2498         0        0         0
 30     1227     2498         0        0         0
 31     1227     2499         0        0         0
 32     1229     2499         0        0         0
 33     1226     2499         0        0         0
 34     1226     2500         0        0         0
 35     1226     2500         0        0         0
 36    12256    24865      3762    91971     91720

 bloomFilterCompare Count:0 readTableCount:0 

 Compaction Count:845543 TrivialMoveCount:767118 


WRITE latency
-nanusWrite ops:0
READ latency
-nanusRead ops:0
Not found num: 0
                               Compactions
Level  Files Size(MB) Time(sec) Read(MB) Write(MB)
--------------------------------------------------
  0        3       10      1329        0     54764
  1       20       40      3136    64981     64625
  2        3        6       286     7067      7068
  3        4        6         0        0         0
  4        3        6         0        0         0
  5        3        6         1       18        18
  6       12       25        19      489       487
  7       13       25         4      101       101
  8       12       25         0        0         0
  9       13       25         0        0         0
 10       12       25         0        0         0
 11       13       25         0        0         0
 12       13       25         0        0         0
 13       12       25         0        0         0
 14       13       25         0        0         0
 15       16       25       691    13407     13368
 16      131      249     17015   391639    390850
 17      124      250       527    12418     12412
 18      125      249         0        0         0
 19      124      249         0        0         0
 20      123      248         0        0         0
 21      125      250         0        0         0
 22      126      250         0        0         0
 23      123      249         0        0         0
 24      124      249         0        0         0
 25      126      249       205     4587      4587
 26     1271     2500     12729   302200    301552
 27     1232     2500        45     1070      1070
 28     1229     2499         0        0         0
 29     1225     2498         0        0         0
 30     1227     2498         0        0         0
 31     1227     2499         0        0         0
 32     1229     2499         0        0         0
 33     1226     2499         0        0         0
 34     1226     2500         0        0         0
 35     1226     2500         0        0         0
 36    12256    24865      3762    91971     91720

 bloomFilterCompare Count:0 readTableCount:0 

 Compaction Count:845543 TrivialMoveCount:767118 

                               Compactions
Level  Files Size(MB) Time(sec) Read(MB) Write(MB)
--------------------------------------------------
  0        3       10      1329        0     54764
  1        1        2      3136    64981     64625
  2        1        2       286     7071      7072
  3        1        2         0        0         0
  4        2        3         0        0         0
  5        1        2         1       18        18
  6        4        8        19      489       487
  7        4        8         4      101       101
  8        4        8         0        0         0
  9        4        8         0        0         0
 10        5        8         0        0         0
 11        4        8         0        0         0
 12        4        8         0        0         0
 13        4        8         0        0         0
 14        4        8         0        0         0
 15        5        8       692    13434     13395
 16       49       99     17066   392794    392003
 17       48       99       529    12474     12467
 18       49       98         0        0         0
 19       51       98         0        0         0
 20       49       99         0        0         0
 21       49       98         0        0         0
 22       49       99         0        0         0
 23       50       99         0        0         0
 24       49      100         0        0         0
 25       50      100       207     4626      4627
 26      495      999     13029   309029    308364
 27      489      999        46     1089      1088
 28      489      999         0        0         0
 29      489      999         0        0         0
 30      493     1000         0        0         0
 31      492     1000         0        0         0
 32      491      998         0        0         0
 33      493     1000         0        0         0
 34      491     1000         0        0         0
 35      490     1000         0        0         0
 36     4928     9998      6946   168353    167933
 37     4928    10000         1       26        26
 38     4932    10000         0        0         0
 39     4929     9999         0        0         0
 40      692     1404         0        0         0

 bloomFilterCompare Count:0 readTableCount:0 

 Compaction Count:932849 TrivialMoveCount:847370 

--------------abover are untilCompactionEnds output--------------


---------------------READ STATISTICS-----------------------------------------
type   		count		min		ave		max

