_bloom_bits_2
bloom_bits from config:32585
filter policy name:leveldb.DynamicBloomFilter 
Options used in leveldb
compression	max_file_size	write_buffer_size	max_open_files
 NoCompress	          2MB	              4MB	         50000
glsm --- hierarchical bloom filter

                               Compactions
Level  Files Size(MB) Time(sec) Read(MB) Write(MB)
--------------------------------------------------
  0        7       23      1303        0     53517
  1       15       28      3393    63193     62834
  2       10       20       291     6809      6811
  3        3        6         0        0         0
  4        4        6         0        0         0
  5        3        6         1       18        18
  6       12       24        20      485       484
  7       13       24         4      114       113
  8       12       24         0        0         0
  9       13       24         0        0         0
 10       12       24         0        0         0
 11       13       24         0        0         0
 12       12       24         0        0         0
 13       13       24         0        0         0
 14       13       24         0        0         0
 15       13       24       704    13219     13220
 16      136      256     17787   382281    381986
 17      132      257       519    11736     11730
 18      129      256         0        0         0
 19      129      256         0        0         0
 20      127      255         0        0         0
 21      131      257         0        0         0
 22      131      256         0        0         0
 23      129      257         0        0         0
 24      131      256         0        0         0
 25      134      256       215     4601      4601
 26     1327     2571     13640   299207    298927
 27     1271     2570        41      918       917
 28     1269     2571         0        0         0
 29     1269     2572         0        0         0
 30     1267     2570         0        0         0
 31     1268     2572         0        0         0
 32     1268     2572         0        0         0
 33     1268     2570         0        0         0
 34     1270     2572         0        0         0
 35     1273     2570         0        0         0
 36    11769    23879      3785    85309     85219

 bloomFilterCompare Count:0 readTableCount:0 

 Compaction Count:844107 TrivialMoveCount:766200 


WRITE latency
-nanusWrite ops:0
READ latency
-nanusRead ops:0
Not found num: 0
                               Compactions
Level  Files Size(MB) Time(sec) Read(MB) Write(MB)
--------------------------------------------------
  0        7       23      1303        0     53517
  1       15       28      3393    63193     62834
  2       10       20       291     6809      6811
  3        3        6         0        0         0
  4        4        6         0        0         0
  5        3        6         1       18        18
  6       12       24        20      485       484
  7       13       24         4      114       113
  8       12       24         0        0         0
  9       13       24         0        0         0
 10       12       24         0        0         0
 11       13       24         0        0         0
 12       12       24         0        0         0
 13       13       24         0        0         0
 14       13       24         0        0         0
 15       13       24       704    13219     13220
 16      136      256     17787   382281    381986
 17      132      257       519    11736     11730
 18      129      256         0        0         0
 19      129      256         0        0         0
 20      127      255         0        0         0
 21      131      257         0        0         0
 22      131      256         0        0         0
 23      129      257         0        0         0
 24      131      256         0        0         0
 25      134      256       215     4601      4601
 26     1327     2571     13640   299207    298927
 27     1271     2570        41      918       917
 28     1269     2571         0        0         0
 29     1269     2572         0        0         0
 30     1267     2570         0        0         0
 31     1268     2572         0        0         0
 32     1268     2572         0        0         0
 33     1268     2570         0        0         0
 34     1270     2572         0        0         0
 35     1273     2570         0        0         0
 36    11769    23879      3785    85309     85219

 bloomFilterCompare Count:0 readTableCount:0 

 Compaction Count:844107 TrivialMoveCount:766200 

                               Compactions
Level  Files Size(MB) Time(sec) Read(MB) Write(MB)
--------------------------------------------------
  0        0        0      1303        0     53517
  1        1        2      3394    63220     62861
  2        1        2       291     6813      6815
  3        1        2         0        0         0
  4        1        1         0        0         0
  5        1        2         1       18        18
  6        4        8        20      485       484
  7        4        8         4      114       113
  8        4        8         0        0         0
  9        5        8         0        0         0
 10        4        8         0        0         0
 11        4        8         0        0         0
 12        4        8         0        0         0
 13        4        8         0        0         0
 14        5        8         0        0         0
 15        4        8       705    13255     13256
 16       52       99     17849   383560    383263
 17       49       99       521    11789     11782
 18       51       99         0        0         0
 19       53      100         0        0         0
 20       49       99         0        0         0
 21       50       98         0        0         0
 22       51       98         0        0         0
 23       50       98         0        0         0
 24       50      100         0        0         0
 25       50       98       215     4603      4603
 26      501      999     14034   307341    307052
 27      492      999        42      954       954
 28      493      999         0        0         0
 29      492      999         0        0         0
 30      493      998         0        0         0
 31      494      998         0        0         0
 32      493      998         0        0         0
 33      493     1000         0        0         0
 34      494      999         0        0         0
 35      493     1000         0        0         0
 36     4931    10000      7539   167283    167112
 37     4926     9999         1       30        30
 38     4931     9998         0        0         0
 39     4929     9998         0        0         0
 40      657     1333         0        0         0

 bloomFilterCompare Count:0 readTableCount:0 

 Compaction Count:934567 TrivialMoveCount:849083 

--------------abover are untilCompactionEnds output--------------


---------------------READ STATISTICS-----------------------------------------
type   		count		min		ave		max

