_bloom_bits_6
bloom_bits from config:32757
filter policy name:leveldb.DynamicBloomFilter 
Options used in leveldb
compression	max_file_size	write_buffer_size	max_open_files
 NoCompress	          2MB	              4MB	         50000
glsm --- hierarchical bloom filter

                               Compactions
Level  Files Size(MB) Time(sec) Read(MB) Write(MB)
--------------------------------------------------
  0        0        0      1498        0     54764
  1       22       44      3450    64627     64268
  2        4        6       301     6881      6883
  3        3        6         0        0         0
  4        3        6         0        0         0
  5        3        6         1       18        18
  6       13       25        11      273       273
  7       12       25         3       66        66
  8       13       25         0        0         0
  9       12       25         0        0         0
 10       13       25         0        0         0
 11       12       25         0        0         0
 12       13       25         0        0         0
 13       12       25         0        0         0
 14       13       25         0        0         0
 15       14       25       749    13526     13526
 16      137      269     17930   388092    387424
 17      134      267       538    12076     12070
 18      134      267         0        0         0
 19      133      268         0        0         0
 20      134      269         0        0         0
 21      134      269         0        0         0
 22      133      269         0        0         0
 23      135      269         0        0         0
 24      134      269         0        0         0
 25      142      268       217     4548      4548
 26     1370     2694     13516   300928    300295
 27     1320     2694        41      914       914
 28     1321     2693         0        0         0
 29     1316     2693         0        0         0
 30     1319     2693         0        0         0
 31     1315     2693         0        0         0
 32     1315     2692         0        0         0
 33     1315     2693         0        0         0
 34     1316     2692         0        0         0
 35     1320     2694         0        0         0
 36    11266    22913      3477    79860     79607

 bloomFilterCompare Count:0 readTableCount:0 

 Compaction Count:841239 TrivialMoveCount:764012 


WRITE latency
-nanusWrite ops:0
READ latency
-nanusRead ops:0
Not found num: 0
                               Compactions
Level  Files Size(MB) Time(sec) Read(MB) Write(MB)
--------------------------------------------------
  0        0        0      1498        0     54764
  1       22       44      3450    64627     64268
  2        4        6       301     6881      6883
  3        3        6         0        0         0
  4        3        6         0        0         0
  5        3        6         1       18        18
  6       13       25        11      273       273
  7       12       25         3       66        66
  8       13       25         0        0         0
  9       12       25         0        0         0
 10       13       25         0        0         0
 11       12       25         0        0         0
 12       13       25         0        0         0
 13       12       25         0        0         0
 14       13       25         0        0         0
 15       14       25       749    13526     13526
 16      137      269     17930   388092    387424
 17      134      267       538    12076     12070
 18      134      267         0        0         0
 19      133      268         0        0         0
 20      134      269         0        0         0
 21      134      269         0        0         0
 22      133      269         0        0         0
 23      135      269         0        0         0
 24      134      269         0        0         0
 25      142      268       217     4548      4548
 26     1370     2694     13516   300928    300295
 27     1320     2694        41      914       914
 28     1321     2693         0        0         0
 29     1316     2693         0        0         0
 30     1319     2693         0        0         0
 31     1315     2693         0        0         0
 32     1315     2692         0        0         0
 33     1315     2693         0        0         0
 34     1316     2692         0        0         0
 35     1320     2694         0        0         0
 36    11266    22913      3477    79860     79607

 bloomFilterCompare Count:0 readTableCount:0 

 Compaction Count:841239 TrivialMoveCount:764012 

                               Compactions
Level  Files Size(MB) Time(sec) Read(MB) Write(MB)
--------------------------------------------------
  0        0        0      1498        0     54764
  1        2        2      3450    64627     64268
  2        1        2       301     6890      6891
  3        1        2         0        0         0
  4        1        2         0        0         0
  5        1        2         1       18        18
  6        4        8        11      273       273
  7        4        8         3       66        66
  8        4        8         0        0         0
  9        4        8         0        0         0
 10        5        8         0        0         0
 11        4        8         0        0         0
 12        4        8         0        0         0
 13        4        8         0        0         0
 14        4        8         0        0         0
 15        5        8       751    13553     13553
 16       50      100     17986   389225    388555
 17       48       99       540    12130     12124
 18       51       99         0        0         0
 19       49       98         0        0         0
 20       50       99         0        0         0
 21       50       99         0        0         0
 22       49       98         0        0         0
 23       49       99         0        0         0
 24       50       99         0        0         0
 25       49       99       218     4577      4577
 26      490     1000     13962   310045    309391
 27      488     1000        42      941       940
 28      489     1000         0        0         0
 29      488     1000         0        0         0
 30      488     1000         0        0         0
 31      489     1000         0        0         0
 32      491      998         0        0         0
 33      489      999         0        0         0
 34      492      999         0        0         0
 35      489      999         0        0         0
 36     4918    10000      7564   169493    169024
 37     4916    10000         1       16        16
 38     4921     9999         0        0         0
 39     4919    10000         0        0         0
 40      753     1531         0        0         0

 bloomFilterCompare Count:0 readTableCount:0 

 Compaction Count:935251 TrivialMoveCount:849779 

--------------abover are untilCompactionEnds output--------------


---------------------READ STATISTICS-----------------------------------------
type   		count		min		ave		max

