procs -----------memory---------- ---swap-- -----io---- -system-- ------cpu-----
 r  b   swpd   free   buff  cache   si   so    bi    bo   in   cs us sy id wa st
 1  0  51528 60515428  43736 4182648    0    0   102   127    0    0  0  0 99  0  0
 1  0  51528 60493056  44136 4182900    0    0   400  4132 1489  242  2  0 98  0  0
 1  0  51524 60494364  44136 4182904    0    0     0    20 1535  474  2  0 98  0  0
 1  0  51524 60494364  44136 4182904    0    0     0     0 1091   70  2  0 98  0  0
 1  0  51524 60494364  44136 4182904    0    0     0     0 1130   72  2  0 98  0  0
 1  0  51524 60494364  44136 4182904    0    0     0     0 1082   72  2  0 98  0  0
 1  0  51524 60494364  44136 4182904    0    0     0     0 1222  170  2  0 98  0  0
 1  0  51524 60494364  44136 4182904    0    0     0     0 1107   84  2  0 98  0  0
 1  0  51524 60494364  44136 4182904    0    0     0     0 1128   72  2  0 98  0  0
 1  0  51524 60494364  44136 4182904    0    0     0     0 1086   74  2  0 98  0  0
 1  0  51524 60494364  44136 4182904    0    0     0     0 1223  168  2  0 98  0  0
 1  0  51524 60494364  44136 4182904    0    0     0     0 1086   70  2  0 98  0  0
 1  0  51524 60494364  44136 4182904    0    0     0     0 1125   70  2  0 98  0  0
 1  0  51524 60494364  44136 4182904    0    0     0     0 1086   70  2  0 98  0  0
 1  0  51524 60494364  44136 4182904    0    0     0     0 1224  168  2  0 98  0  0
 1  0  51524 60494364  44136 4182904    0    0     0  1812 1118  104  2  0 98  0  0
 1  0  51524 60494364  44136 4182904    0    0     0     0 1132   74  2  0 98  0  0
 1  0  51524 60494364  44136 4182904    0    0     0     0 1097   78  2  0 98  0  0
 1  0  51524 60494364  44136 4182904    0    0     0     0 1224  166  2  0 98  0  0
 1  0  51524 60494364  44136 4182904    0    0     0     0 1084   70  2  0 98  0  0
 1  0  51524 60494364  44136 4182904    0    0     0  1704 1140   74  2  0 98  0  0
 1  0  51524 60494364  44136 4182904    0    0     0     0 1083   70  2  0 98  0  0
 1  0  51524 60494364  44136 4182904    0    0     0     0 1220  166  2  0 98  0  0
 1  0  51524 60494364  44136 4182904    0    0     0     0 1086   70  2  0 98  0  0
 1  0  51524 60494364  44136 4182904    0    0     0    84 1160   72  2  0 98  0  0
 1  0  51524 60494364  44136 4182904    0    0     0     8 1093   78  2  0 98  0  0
 1  0  51524 60494364  44136 4182904    0    0     0    49 1232  183  2  0 98  0  0
 1  0  51524 60494364  44136 4182904    0    0     0     0 1100   78  2  0 98  0  0
 1  0  51524 60494364  44136 4182904    0    0     0     0 1130   70  2  0 98  0  0
 1  0  51524 60494364  44136 4182904    0    0     0     0 1084   74  2  0 98  0  0
 1  0  51524 60494364  44136 4182904    0    0     0     4 1229  172  2  0 98  0  0
 1  0  51524 60494364  44136 4182904    0    0     0     0 1084   70  2  0 98  0  0
 1  0  51524 60494364  44136 4182904    0    0     0     0 1130   72  2  0 98  0  0
 1  0  51524 60494364  44136 4182904    0    0     0     0 1084   72  2  0 98  0  0
 1  0  51524 60494364  44136 4182904    0    0     0     4 1231  172  2  0 98  0  0
 1  0  51524 60494364  44136 4182904    0    0     0     4 1099   84  2  0 98  0  0
 1  0  51524 60494364  44136 4182904    0    0     0     0 1124   70  2  0 98  0  0
 1  0  51524 60494364  44136 4182904    0    0     0     0 1101   78  2  0 98  0  0
 1  0  51524 60494364  44136 4182904    0    0     0     0 1222  166  2  0 98  0  0
 1  0  51524 60494364  44136 4182904    0    0     0     0 1084   70  2  0 98  0  0
 1  0  51524 60494364  44136 4182904    0    0     0     0 1138   76  2  0 98  0  0
 1  0  51524 60494364  44136 4182904    0    0     0     0 1080   70  2  0 98  0  0
 1  0  51524 60494364  44136 4182904    0    0     0     0 1234  166  2  0 98  0  0
 1  0  51524 60492564  44136 4182904    0    0     0     0 1099   74  2  0 98  0  0
 1  0  51524 60492564  44136 4182904    0    0     0     0 1136   74  2  0 98  0  0
 1  0  51524 60492564  44136 4182904    0    0     0     0 1082   70  2  0 98  0  0
 1  0  51524 60492564  44136 4182904    0    0     0     0 1236  166  2  0 98  0  0
 1  0  51524 60492564  44136 4182904    0    0     0     0 1097   78  2  0 98  0  0
 1  0  51524 60492564  44136 4182904    0    0     0     0 1133   72  2  0 98  0  0
 1  0  51524 60492564  44136 4182904    0    0     0     0 1080   70  2  0 98  0  0
 1  0  51524 60492564  44136 4182904    0    0     0     0 1225  168  2  0 98  0  0
 1  0  51524 60492564  44136 4182904    0    0     0     0 1081   68  2  0 98  0  0
 1  0  51524 60492564  44136 4182904    0    0     0     0 1130   74  2  0 98  0  0
 1  0  51524 60492556  44136 4182904    0    0     0     0 1090   70  2  0 98  0  0
 1  0  51524 60492556  44136 4182904    0    0     0     0 1223  168  2  0 98  0  0
 1  0  51524 60492556  44136 4182904    0    0     0     0 1088   70  2  0 98  0  0
 1  0  51524 60492556  44136 4182904    0    0     0   303 1187  133  2  0 98  0  0
 1  0  51524 60492556  44136 4182904    0    0     0     0 1097   78  2  0 98  0  0
 1  0  51524 60492556  44136 4182904    0    0     0     0 1225  166  2  0 98  0  0
 1  0  51524 60492556  44136 4182904    0    0     0     0 1085   74  2  0 98  0  0
 1  0  51524 60492556  44136 4182904    0    0     0     8 1141   80  2  0 98  0  0
 1  0  51524 60492556  44136 4182904    0    0     0     0 1075   66  2  0 98  0  0
 1  0  51524 60492556  44136 4182904    0    0     0     0 1193  184  2  0 98  0  0
 1  0  51524 60492556  44136 4182904    0    0     0     0 1132   72  2  0 98  0  0
 1  0  51524 60492556  44136 4182904    0    0     0    12 1088   70  2  0 98  0  0
 1  0  51524 60492556  44136 4182904    0    0     0     0 1129   74  2  0 98  0  0
 1  0  51524 60492556  44136 4182904    0    0     0     0 1173  164  2  0 98  0  0
 1  0  51524 60492556  44136 4182904    0    0     0     0 1149   80  2  0 98  0  0
 1  0  51524 60492556  44136 4182904    0    0     0     0 1080   68  2  0 98  0  0
 1  0  51524 60492556  44136 4182904    0    0     0     0 1135   78  2  0 98  0  0
 1  0  51524 60492556  44136 4182904    0    0     0     0 1179  168  2  0 98  0  0
 1  0  51524 60492556  44136 4182904    0    0     0     0 1128   72  2  0 98  0  0
 1  0  51524 60492556  44136 4182904    0    0     0     0 1082   68  2  0 98  0  0
 1  0  51524 60492556  44136 4182904    0    0     0     0 1128   72  2  0 98  0  0
 1  0  51524 60492556  44136 4182904    0    0     0     0 1175  164  2  0 98  0  0
 1  0  51524 60492556  44136 4182904    0    0     0     0 1131   72  2  0 98  0  0
 1  0  51524 60492556  44136 4182904    0    0     0     0 1079   68  2  0 98  0  0
 1  0  51524 60492556  44136 4182904    0    0     0     0 1145   80  2  0 98  0  0
 1  0  51524 60492556  44136 4182904    0    0     0     0 1179  168  2  0 98  0  0
 1  0  51524 60492556  44136 4182904    0    0     0     0 1132   70  2  0 98  0  0
 1  0  51524 60492556  44136 4182904    0    0     0     0 1079   70  2  0 98  0  0
 1  0  51524 60492556  44136 4182904    0    0     0     0 1132   70  2  0 98  0  0
 1  0  51524 60492556  44136 4182904    0    0     0     0 1169  164  2  0 98  0  0
 1  0  51524 60492556  44136 4182904    0    0     0     0 1134   72  2  0 98  0  0
 1  0  51524 60492556  44136 4182904    0    0     0     0 1075   68  2  0 98  0  0
 1  0  51524 60492556  44136 4182904    0    0     0     0 1132   72  2  0 98  0  0
 1  0  51524 60492556  44136 4182904    0    0     0    25 1189  177  2  0 98  0  0
 1  0  51524 60492556  44136 4182904    0    0     0     0 1158   84  2  0 98  0  0
 1  0  51524 60492556  44136 4182904    0    0     0     0 1085   68  2  0 98  0  0
 1  0  51524 60492556  44136 4182904    0    0     0     0 1135   74  2  0 98  0  0
 1  0  51524 60492556  44136 4182904    0    0     0     8 1180  170  2  0 98  0  0
 1  0  51524 60492556  44136 4182904    0    0     0     0 1129   70  2  0 98  0  0
 1  0  51524 60492556  44136 4182904    0    0     0     0 1082   72  2  0 98  0  0
 1  0  51524 60492556  44136 4182904    0    0     0     0 1132   72  2  0 98  0  0
 1  0  51524 60492556  44136 4182904    0    0     0     0 1202  182  2  0 98  0  0
 1  0  51524 60492556  44136 4182904    0    0     0     0 1134   74  2  0 98  0  0
 1  0  51524 60492556  44136 4182904    0    0     0     0 1082   74  2  0 98  0  0
 1  0  51524 60492556  44136 4182904    0    0     0     0 1148   80  2  0 98  0  0
 1  0  51524 60492556  44136 4182904    0    0     0     0 1174  164  2  0 98  0  0
 1  0  51524 60492556  44136 4182904    0    0     0     0 1133   70  2  0 98  0  0
 1  0  51524 60492556  44136 4182904    0    0     0     0 1080   68  2  0 98  0  0
 1  0  51524 60492556  44136 4182904    0    0     0     0 1130   72  2  0 98  0  0
 1  0  51524 60492324  44136 4182904    0    0     0     0 1175  166  2  0 98  0  0
 1  0  51524 60492324  44136 4182904    0    0     0     0 1138   76  2  0 98  0  0
 1  0  51524 60492324  44136 4182904    0    0     0     0 1077   68  2  0 98  0  0
 1  0  51524 60492324  44136 4182904    0    0     0     0 1133   74  2  0 98  0  0
 1  0  51524 60492324  44136 4182904    0    0     0     0 1173  166  2  0 98  0  0
 1  0  51524 60492324  44136 4182904    0    0     0     0 1151   80  2  0 98  0  0
 1  0  51524 60492324  44136 4182904    0    0     0     0 1079   68  2  0 98  0  0
 1  0  51524 60492324  44136 4182904    0    0     0     0 1130   70  2  0 98  0  0
 1  0  51524 60492324  44136 4182904    0    0     0     0 1172  164  2  0 98  0  0
 1  0  51524 60492324  44136 4182904    0    0     0     0 1133   72  2  0 98  0  0
 1  0  51524 60492324  44136 4182904    0    0     0     0 1075   68  2  0 98  0  0
 1  0  51524 60492324  44136 4182904    0    0     0     0 1133   72  2  0 98  0  0
 1  0  51524 60492324  44136 4182904    0    0     0     0 1180  168  2  0 98  0  0
 1  0  51524 60492324  44136 4182904    0    0     0     0 1128   70  2  0 98  0  0
 1  0  51524 60492324  44136 4182904    0    0     0     9 1088   79  2  0 98  0  0
 1  0  51524 60492324  44136 4182904    0    0     0     0 1145   80  2  0 98  0  0
 1  0  51524 60492324  44136 4182904    0    0     0     0 1175  164  2  0 98  0  0
 1  0  51524 60492324  44136 4182904    0    0     0     0 1130   74  2  0 98  0  0
 1  0  51524 60492324  44136 4182904    0    0     0     0 1083   68  2  0 98  0  0
 1  0  51524 60492324  44136 4182904    0    0     0     8 1131   74  2  0 98  0  0
 1  0  51524 60492324  44136 4182904    0    0     0     0 1197  186  2  0 98  0  0
 1  0  51524 60492324  44136 4182904    0    0     0     0 1139   76  2  0 98  0  0
 1  0  51524 60492324  44136 4182904    0    0     0     0 1079   68  2  0 98  0  0
 1  0  51524 60492324  44136 4182904    0    0     0     0 1130   72  2  0 98  0  0
 1  0  51524 60492324  44136 4182904    0    0     0     0 1174  168  2  0 98  0  0
 1  0  51524 60492324  44136 4182904    0    0     0     0 1151   80  2  0 98  0  0
 1  0  51524 60492324  44136 4182904    0    0     0     0 1079   68  2  0 98  0  0
 1  0  51524 60492324  44136 4182904    0    0     0     0 1133   74  2  0 98  0  0
 1  0  51524 60492324  44136 4182904    0    0     0     0 1196  178  2  0 98  0  0
 1  0  51524 60492324  44136 4182904    0    0     0     0 1136   72  2  0 98  0  0
 1  0  51524 60492324  44136 4182904    0    0     0     0 1087   72  2  0 98  0  0
 1  0  51524 60492324  44136 4182904    0    0     0     0 1129   72  2  0 98  0  0
 1  0  51524 60492324  44136 4182904    0    0     0     0 1176  164  2  0 98  0  0
 1  0  51524 60492324  44136 4182904    0    0     0     0 1129   70  2  0 98  0  0
 1  0  51524 60492324  44136 4182904    0    0     0     0 1080   70  2  0 98  0  0
 1  0  51524 60492324  44136 4182904    0    0     0     0 1147   80  2  0 98  0  0
 1  0  51524 60492324  44136 4182904    0    0     0     0 1176  164  2  0 98  0  0
 1  0  51524 60492324  44136 4182904    0    0     0     0 1129   70  2  0 98  0  0
 1  0  51524 60492324  44136 4182904    0    0     0     0 1080   70  2  0 98  0  0
 1  0  51524 60492324  44136 4182904    0    0     0     0 1134   76  2  0 98  0  0
 1  0  51524 60492324  44136 4182904    0    0     0     0 1172  164  2  0 98  0  0
 1  0  51524 60492324  44136 4182904    0    0     0     0 1134   72  2  0 98  0  0
 1  0  51524 60492324  44136 4182904    0    0     0     0 1080   68  2  0 98  0  0
 1  0  51524 60492324  44136 4182904    0    0     0     0 1126   70  2  0 98  0  0
 1  0  51524 60492324  44136 4182904    0    0     0    10 1184  179  2  0 98  0  0
 1  0  51524 60492432  44136 4182904    0    0     0     1 1158   94  2  0 98  0  0
 1  0  51524 60492432  44136 4182904    0    0     0     0 1083   68  2  0 98  0  0
 1  0  51524 60492432  44136 4182904    0    0     0     0 1129   74  2  0 98  0  0
 1  0  51524 60492432  44136 4182904    0    0     0     0 1180  168  2  0 98  0  0
 1  0  51524 60492432  44136 4182904    0    0     0     8 1137   76  2  0 98  0  0
 1  0  51524 60492432  44136 4182904    0    0     0     0 1082   72  2  0 98  0  0
 1  0  51524 60492432  44136 4182904    0    0     0     0 1132   72  2  0 98  0  0
 1  0  51524 60492432  44136 4182904    0    0     0     0 1169  164  2  0 98  0  0
 1  0  51524 60492432  44136 4182904    0    0     0     0 1133   72  2  0 98  0  0
 1  0  51524 60492432  44136 4182904    0    0     0     0 1075   68  2  0 98  0  0
 1  0  51524 60492432  44136 4182904    0    0     0     0 1150   82  2  0 98  0  0
 1  0  51524 60492432  44136 4182904    0    0     0     0 1177  168  2  0 98  0  0
 1  0  51524 60492432  44136 4182904    0    0     0     0 1131   70  2  0 98  0  0
 0  1  51524 60492468  44796 4182896    0    0   884     0 1124  133  2  0 98  0  0
 0  1  51524 60487756  47884 4182780    0    0  4776     0 1067  432  0  0 98  2  0
 0  1  51524 60482796  50700 4182572    0    0  4576     0 1054  540  0  0 98  2  0
 0  1  51524 60479080  52228 4182712    0    0  3108     0  672  400  0  0 98  2  0
 1  0  51524 60476104  53364 4182880    0    0  2832     0  523  407  0  0 98  2  0
 0  1  51524 60473624  54124 4182772    0    0  2348     0  479  395  0  0 98  2  0
 0  1  51524 60470648  54884 4182664    0    0  2392     0  514  468  0  0 98  2  0
 1  1  51524 60466476  55008 4183192    0    0  1832     0  586  427  0  0 97  2  0
 1  1  51524 60463924  55508 4182692    0    0  2244     0 1377  404  2  0 96  2  0
 1  1  51524 60461940  55756 4183096    0    0  2016     0 1369  434  2  0 96  2  0
 1  1  51524 60459460  56256 4182596    0    0  2092     0 1462  492  2  0 96  2  0
 1  1  51524 60456980  56628 4182876    0    0  2120     0 1392  410  2  0 96  2  0
 1  1  51524 60454624  56628 4182876    0    0  1776     0 1272  412  2  0 96  2  0
 1  1  51524 60452640  56752 4182752    0    0  1852     0 1333  406  2  0 96  2  0
 1  1  51524 60450160  56876 4182628    0    0  2000     0 1415  522  2  0 96  2  0
 1  1  51524 60448176  57000 4182504    0    0  1884     0 1400  410  2  0 96  2  0
 1  1  51524 60445696  57000 4182504    0    0  1848     0 1261  422  2  0 96  2  0
 1  1  51524 60443464  57000 4182504    0    0  1800     7 1343  461  2  0 96  2  0
 1  1  51524 60441480  57000 4182504    0    0  1772     0 1347  516  2  0 96  2  0
 1  1  51524 60439496  57000 4182504    0    0  1884     0 1310  420  2  0 96  2  0
 1  1  51524 60437016  57000 4182504    0    0  1792     0 1259  410  2  0 96  2  0
 1  1  51524 60435032  57000 4182508    0    0  1768     0 1329  439  2  0 96  2  0
 1  1  51524 60433048  57000 4182508    0    0  1788     8 1381  546  2  0 96  2  0
 1  1  51524 60430816  57000 4182508    0    0  1840     0 1312  430  2  0 96  2  0
 1  1  51524 60428832  57000 4182508    0    0  1832     0 1256  418  2  0 96  2  0
 1  1  51524 60426848  57000 4182508    0    0  1668  3264 1876  396  2  0 96  2  0
 1  1  51524 60424368  57000 4182508    0    0  1720     0 1343  492  2  0 96  2  0
 1  1  51524 60422368  57000 4182508    0    0  1720     8 1334  432  2  0 96  2  0
 1  1  51524 60420136  57000 4182508    0    0  1844     0 1260  420  2  0 96  2  0
 1  1  51524 60418152  57000 4182508    0    0  1772     0 1293  406  2  0 96  2  0
 1  1  51524 60416168  57000 4182508    0    0  1768     0 1345  496  2  0 96  2  0
 1  1  51524 60414184  57000 4182508    0    0  1748     0 1304  416  2  0 96  2  0
 1  1  51524 60411704  57000 4182508    0    0  1764     0 1252  406  2  0 96  2  0
 1  1  51524 60409720  57000 4182508    0    0  1788     8 1316  430  2  0 96  2  0
 1  1  51524 60407488  57000 4182508    0    0  1848     0 1359  512  2  0 96  2  0
 1  1  51524 60405504  57000 4182508    0    0  1844     0 1302  414  2  0 96  2  0
 1  1  51524 60403024  57000 4182508    0    0  1884     0 1262  432  2  0 96  2  0
 1  1  51524 60401040  57000 4182508    0    0  1912     0 1326  436  2  0 96  2  0
 1  1  51524 60398560  57000 4182508    0    0  1836     8 1356  520  2  0 96  2  0
 1  1  51524 60396328  57000 4182508    0    0  1824     0 1299  408  2  0 96  2  0
 1  1  51524 60394344  57000 4182508    0    0  1728     0 1245  404  2  0 96  2  0
 1  1  51524 60392360  57000 4182508    0    0  1788     0 1311  430  2  0 96  2  0
 1  1  51524 60389880  57000 4182508    0    0  1896     0 1351  526  2  0 96  2  0
 1  1  51524 60387896  57000 4182508    0    0  1820     0 1316  428  2  0 96  2  0
 1  1  51524 60385168  57000 4182508    0    0  1956     4 1270  442  2  0 96  2  0
 1  1  51524 60383184  57000 4182508    0    0  1856     0 1311  424  2  0 96  2  0
 1  1  51524 60381200  57000 4182508    0    0  1880     0 1347  512  2  0 96  2  0
 1  1  51524 60378720  57000 4182508    0    0  1840    50 1351  459  2  0 96  2  0
 1  1  51524 60376736  57000 4182508    0    0  1788     0 1251  402  2  0 96  2  0
 1  1  51524 60374504  57000 4182508    0    0  1848     4 1306  412  2  0 96  2  0
 1  1  51524 60372520  57000 4182508    0    0  1804     0 1347  508  2  0 96  2  0
 1  1  51524 60370040  57000 4182508    0    0  1856     0 1309  416  2  0 96  2  0
 1  1  51524 60368056  57000 4182508    0    0  1832     0 1262  422  2  0 96  2  0
 1  1  51524 60365576  57000 4182508    0    0  1860     0 1306  426  2  0 96  2  0
 1  1  51524 60363576  57000 4182508    0    0  1772     4 1395  546  2  0 96  2  0
 1  1  51524 60361344  57000 4182508    0    0  1924     0 1318  440  2  0 96  2  0
 1  1  51524 60359360  57000 4182508    0    0  1844     0 1248  412  2  0 96  2  0
 1  1  51524 60356880  57000 4182508    0    0  1760     0 1325  422  2  0 96  2  0
 1  1  51524 60354896  57000 4182508    0    0  1860     0 1370  528  2  0 96  2  0
 1  1  51524 60352912  57000 4182508    0    0  1696     0 1302  400  2  0 96  2  0
 1  2  51524 60350680  57000 4182508    0    0  1820  2616 1459  440  2  0 96  2  0
 1  1  51524 60348696  57000 4182508    0    0  1628  1788 1787  380  2  0 96  2  0
 1  1  51524 60346216  57000 4182508    0    0  1928     0 1353  520  2  0 96  2  0
 1  1  51524 60342496  57000 4182508    0    0  1816     0 1325  444  2  0 96  2  0
 1  1  51524 60340512  57000 4182508    0    0  1828     0 1252  422  2  0 96  2  0
 1  1  51524 60338032  57000 4182508    0    0  1796     8 1300  414  2  0 96  2  0
 1  1  51524 60336048  57000 4182508    0    0  1852     0 1346  516  2  0 96  2  0
 1  1  51524 60333816  57000 4182508    0    0  1780     0 1323  428  2  0 96  2  0
 1  1  51524 60331832  57000 4182508    0    0  1880     0 1255  410  2  0 96  2  0
 1  1  51524 60329352  57000 4182508    0    0  1848     0 1307  414  2  0 96  2  0
 1  1  51524 60327368  57000 4182508    0    0  1740     0 1346  506  2  0 96  2  0
 1  1  51524 60324888  57000 4182508    0    0  1792     8 1313  426  2  0 96  2  0
 1  1  51524 60322904  57000 4182508    0    0  1844     0 1259  436  2  0 96  2  0
 1  1  51524 60320904  57000 4182508    0    0  1920     0 1344  454  2  0 96  2  0
 1  1  51524 60318920  57000 4182508    0    0  1732     0 1343  512  2  0 96  2  0
 1  1  51524 60316936  57000 4182508    0    0  1836     0 1308  422  2  0 96  2  0
 1  1  51524 60314208  57000 4182508    0    0  1872     8 1255  436  2  0 96  2  0
 1  1  51524 60312224  57000 4182508    0    0  1800    26 1325  425  2  0 96  2  0
 1  1  51524 60310240  57000 4182508    0    0  1824     0 1352  516  2  0 96  2  0
 1  1  51524 60307760  57000 4182508    0    0  1808     0 1311  416  2  0 96  2  0
 1  1  51524 60305768  57000 4182508    0    0  1840     0 1263  426  2  0 96  2  0
 1  1  51524 60303536  57000 4182508    0    0  1664     0 1290  400  2  0 96  2  0
 1  1  51524 60301552  57000 4182508    0    0  1828     8 1382  538  2  0 96  2  0
 1  1  51524 60299664  57000 4182508    0    0  1848     0 1332  426  2  0 96  2  0
 1  1  51524 60297680  57000 4182508    0    0  1816     0 1256  420  2  0 96  2  0
 1  1  51524 60295448  57000 4182508    0    0  1776     0 1308  402  2  0 96  2  0
 1  1  51524 60292968  57000 4182508    0    0  1940     0 1358  532  2  0 96  2  0
 1  1  51524 60290984  57000 4182508    0    0  1880     4 1331  442  2  0 96  2  0
 1  1  51524 60288504  57000 4182508    0    0  1980     0 1268  430  2  0 96  2  0
 1  1  51524 60286520  57000 4182508    0    0  1840     0 1304  410  2  0 96  2  0
 1  1  51524 60284288  57000 4182508    0    0  1832     0 1350  514  2  0 96  2  0
 1  1  51524 60282308  57000 4182508    0    0  1524  3772 1940  378  2  0 96  2  0
 1  1  51524 60279828  57000 4182508    0    0  1880     0 1276  444  2  0 96  2  0
 1  1  51524 60277828  57000 4182508    0    0  1888     4 1327  420  2  0 96  2  0
 1  1  51524 60275488  57000 4182508    0    0  1828     0 1346  506  2  0 96  2  0
 1  1  51524 60273256  57000 4182508    0    0  1808     0 1302  416  2  0 96  2  0
 1  1  51524 60271272  57000 4182508    0    0  1800     0 1254  424  2  0 96  2  0
 1  1  51524 60269288  57000 4182508    0    0  1824     0 1316  422  2  0 96  2  0
 1  1  51524 60266808  57000 4182508    0    0  1820     4 1384  522  2  0 96  2  0
 1  1  51524 60264576  57000 4182508    0    0  1816     0 1356  404  2  0 96  2  0
 1  1  51524 60262592  57000 4182508    0    0  1876     0 1307  416  2  0 96  2  0
 1  1  51524 60260112  57000 4182508    0    0  1912     0 1351  426  2  0 96  2  0
 1  1  51524 60257632  57000 4182508    0    0  1876     0 1344  518  2  0 96  2  0
 1  1  51524 60255396  57000 4182508    0    0  1820     0 1339  438  2  0 96  2  0
 1  1  51524 60253412  57000 4182508    0    0  1856     4 1257  420  2  0 96  2  0
 1  1  51524 60250932  57000 4182508    0    0  1872     0 1307  420  2  0 96  2  0
 1  1  51524 60248948  57000 4182508    0    0  1868     0 1364  540  2  0 96  2  0
 1  1  51524 60246948  57000 4182508    0    0  1824    41 1334  457  2  0 96  2  0
 1  1  51524 60244212  57000 4182508    0    0  1904     0 1257  420  2  0 96  2  0
 1  1  51524 60242252  57000 4182508    0    0  1828     4 1308  422  2  0 96  2  0
 1  1  51524 60240260  57000 4182508    0    0  1820     0 1347  502  2  0 96  2  0
 1  1  51524 60237772  57000 4182508    0    0  1840     0 1297  406  2  0 96  2  0
 1  1  51524 60235780  57000 4182508    0    0  1852     0 1251  404  2  0 96  2  0
 1  1  51524 60233132  57000 4182508    0    0  1888     0 1333  432  2  0 96  2  0
 1  1  51524 60231140  57000 4182508    0    0  1796     8 1355  516  2  0 96  2  0
 1  1  51524 60231132  57000 4183456    0    0  1908     0 1468  484  2  0 96  2  0
 1  1  51524 60228892  57000 4183464    0    0  1896     0 1253  419  2  0 96  2  0
 1  1  51524 60227024  57000 4183464    0    0  1892     0 1329  437  2  0 96  2  0
 1  1  51524 60224784  57000 4183464    0    0  1768     0 1343  494  2  0 96  2  0
 1  1  51524 60222792  57000 4183464    0    0  1760     0 1297  398  2  0 96  2  0
 1  1  51524 60220296  57000 4183464    0    0  1876     4 1257  420  2  0 96  2  0
 1  1  51524 60218304  57000 4183464    0    0  1832     0 1309  422  2  0 96  2  0
 1  1  51524 60216312  57000 4183464    0    0  1888     0 1344  504  2  0 96  2  0
 1  1  51524 60213252  57000 4183464    0    0  1868     0 1340  448  2  0 96  2  0
 1  1  51524 60211260  57000 4183464    0    0  1848     0 1257  422  2  0 96  2  0
 1  1  51524 60209268  57000 4183464    0    0  1872    12 1306  426  2  0 96  2  0
 1  1  51524 60207396  57000 4183344    0    0  1480  4376 2065  461  2  0 96  2  0
 1  1  51524 60205412  57000 4183344    0    0  1616     0 1303  386  2  0 96  2  0
 1  1  51524 60203428  57000 4183344    0    0  1700     0 1248  392  2  0 96  2  0
 1  1  51524 60201444  57000 4183344    0    0  1768     0 1291  384  2  0 96  2  0
 1  1  51524 60199460  57000 4183344    0    0  1748     0 1332  482  2  0 96  2  0
 1  1  51524 60197476  57000 4183344    0    0  1728     8 1297  412  2  0 96  2  0
 1  1  51524 60194996  57000 4183344    0    0  1852     0 1255  424  2  0 96  2  0
 1  1  51524 60192928  57000 4183344    0    0  1892     0 1372  453  2  0 96  2  0
 1  1  51524 60190696  57000 4183344    0    0  1812     0 1338  496  2  0 96  2  0
 1  1  51524 60188216  57000 4183344    0    0  1932     0 1307  416  2  0 96  2  0
 1  1  51524 60186232  57000 4183344    0    0  1844     4 1251  414  2  0 96  2  0
 1  1  51524 60183752  57000 4183344    0    0  1828    13 1318  425  2  0 96  2  0
 1  1  51524 60182000  57000 4183344    0    0  1796     0 1342  490  2  0 96  2  0
 1  1  51524 60179760  57000 4183344    0    0  1736     0 1299  406  2  0 96  2  0
0
