procs -----------memory---------- ---swap-- -----io---- -system-- ------cpu-----
 r  b   swpd   free   buff  cache   si   so    bi    bo   in   cs us sy id wa st
 0  1  68516 63577692   5244 681448    0    0     1    98    0    0  0  0 100  0  0
 1  0  68516 63403084   5244 721220    0    0 39808     0 1699  123  2  0 98  0  0
 1  0  68516 63247852   5244 757280    0    0 34944     0 1717   54  2  0 98  0  0
 1  0  68516 63107980   5244 788944    0    0 31488     0 1549   41  2  0 98  0  0
 1  0  68516 63033084   5244 805896    0    0 16812     0 1335   26  2  0 98  0  0
 1  0  68516 63030108   5244 805896    0    0     0    36 1101  126  2  0 98  0  0
 1  1  68516 63137812   7016 696164    0    0  7648  8828 2024  926  2  0 98  0  0
 1  1  68516 63110676   7328 714836    0    0 18660 19800 1938  384  3  0 97  0  0
 1  1  68516 63078416   7896 747748    0    0 16380 16572 1774  302  2  0 97  0  0
 2  0  68516 63072776   9012 750256    0    0 13248 13540 6456  463  3  0 97  0  0
 2  0  68516 63065132   9524 757644    0    0 14188 19184 2024  392  3  0 97  0  0
 1  1  68516 63045616   9772 776168    0    0 12900 20296 1796  355  3  0 97  0  0
 1  1  68516 63028872  10016 792300    0    0 14076 13104 1821  344  2  0 97  0  0
 2  0  68516 63018284  10448 801072    0    0 11612 14656 5014  477  3  0 97  0  0
 1  1  68516 63004288  10936 814208    0    0 14560 14156 1876  365  3  0 97  0  0
 1  1  68516 62998380  11176 819908    0    0 13852 14168 2221  356  3  0 97  0  0
 1  1  68516 62975992  11812 841228    0    0 14188 13244 1913  398  3  0 97  0  0
 2  0  68516 62970560  12388 845944    0    0 10816 15480 2048  525  3  0 97  0  0
 1  1  68516 62961192  12960 854144    0    0 10792 10908 2104  407  3  0 97  0  0
 2  0  68516 62933116  13252 882476    0    0 18988 20916 1918  373  3  0 97  0  0
 1  0  68516 62929196  13492 883616    0    0 11784 13628 2729  327  3  0 97  0  0
 1  0  68516 62929196  13492 883616    0    0     0     0 1075  114  2  0 98  0  0
 1  0  68516 62929196  13492 883616    0    0     0     0 1072   20  2  0 98  0  0
 1  0  68516 62929196  13492 883616    0    0     0    25 1052   40  2  0 98  0  0
 1  0  68516 62927088  13492 883616    0    0     0     0 1084   24  2  0 98  0  0
 1  0  68516 62927088  13492 883616    0    0     0     0 1073  117  2  0 98  0  0
 1  0  68516 62927088  13492 883616    0    0     0     0 1073   20  2  0 98  0  0
 1  0  68516 62927088  13492 883616    0    0     0     0 1024   18  2  0 98  0  0
 1  0  68516 62927088  13492 883616    0    0     0     0 1074   20  2  0 98  0  0
 1  0  68516 62927088  13492 883616    0    0     0     4 1072  116  2  0 98  0  0
 1  0  68516 62927088  13492 883616    0    0     0     0 1075   18  2  0 98  0  0
 1  0  68516 62927088  13492 883616    0    0     0     0 1021   18  2  0 98  0  0
 1  0  68516 62927088  13492 883616    0    0     0     0 1077   18  2  0 98  0  0
 1  0  68516 62927088  13492 883616    0    0     0     0 1091  126  2  0 98  0  0
 1  0  68516 62927200  13492 883616    0    0     0     0 1099   24  2  0 98  0  0
 1  0  68516 62927200  13492 883616    0    0     0     4 1026   20  2  0 98  0  0
 1  0  68516 62927200  13492 883616    0    0     0  1016 1479   26  2  0 98  0  0
 1  0  68516 62927200  13492 883616    0    0     0     0 1080  112  2  0 98  0  0
 1  0  68516 62927200  13492 883616    0    0     0     0 1071   18  2  0 98  0  0
 1  0  68516 62927200  13492 883616    0    0     0     0 1025   16  2  0 98  0  0
 1  0  68516 62927200  13492 883616    0    0     0     0 1072   20  2  0 98  0  0
 1  0  68516 62927200  13492 883616    0    0     0    32 1100  134  2  0 98  0  0
 1  0  68516 62927200  13492 883616    0    0     0     0 1078   24  2  0 98  0  0
 1  0  68516 62927200  13492 883616    0    0     0     0 1040   26  2  0 98  0  0
 1  0  68516 62927184  13492 883616    0    0     0     0 1094   20  2  0 98  0  0
 1  0  68516 62927184  13492 883616    0    0     0     0 1069  112  2  0 98  0  0
 1  0  68516 62927184  13492 883616    0    0     0     0 1076   22  2  0 98  0  0
 1  0  68516 62927184  13492 883644    0    0     0     4 1043   34  2  0 98  0  0
 1  0  68516 62927184  13492 883644    0    0     0     0 1073   18  2  0 98  0  0
 1  0  68516 62927184  13492 883644    0    0     0     0 1072  112  2  0 98  0  0
 1  0  68516 62927184  13492 883644    0    0     0     0 1074   18  2  0 98  0  0
 1  0  68516 62927184  13492 883644    0    0     0     0 1028   22  2  0 98  0  0
 1  0  68516 62927184  13492 883644    0    0     0     0 1073   20  2  0 98  0  0
 1  0  68516 62927184  13492 883644    0    0    32   185 1150  204  2  0 98  0  0
 1  0  68516 62927168  13492 883644    0    0     0     0 1113   60  2  0 98  0  0
 1  0  68516 62927168  13492 883644    0    0     0     0 1047   60  2  0 98  0  0
 1  0  68516 62927168  13492 883644    0    0     0    12 1097   60  2  0 98  0  0
 1  0  68516 62927168  13492 883644    0    0     0     0 1094  154  2  0 98  0  0
 1  0  68516 62927168  13492 883644    0    0     0     0 1095   60  2  0 98  0  0
 1  0  68516 62927168  13492 883644    0    0     0     4 1046   60  2  0 98  0  0
 1  0  68516 62927168  13492 883644    0    0     0     0 1096   62  2  0 98  0  0
 1  0  68516 62927168  13492 883644    0    0     0     0 1090  152  2  0 98  0  0
 1  0  68516 62927168  13492 883644    0    0     0     0 1096   60  2  0 98  0  0
 1  0  68516 62927168  13492 883644    0    0     0     0 1058   66  2  0 98  0  0
 1  0  68516 62927152  13492 883644    0    0     0     0 1118   64  2  0 98  0  0
 1  0  68516 62927152  13492 883644    0    0     0     4 1094  156  2  0 98  0  0
 1  0  68516 62927152  13492 883644    0    0     0     0 1092   58  2  0 98  0  0
 1  0  68516 62927152  13492 883644    0    0     0     0 1046   56  2  0 98  0  0
 1  0  68516 62927152  13492 883644    0    0     0     0 1093   60  2  0 98  0  0
 1  0  68516 62927152  13492 883644    0    0     0     0 1095  156  2  0 98  0  0
 1  0  68516 62927152  13492 883644    0    0     0     0 1094   60  2  0 98  0  0
 1  0  68516 62927152  13492 883644    0    0     0     4 1046   60  2  0 98  0  0
 1  0  68516 62927152  13492 883644    0    0     0     0 1095   60  2  0 98  0  0
 1  0  68516 62927152  13492 883644    0    0     0     0 1108  162  2  0 98  0  0
 1  0  68516 62927136  13492 883644    0    0     0     0 1113   60  2  0 98  0  0
 1  0  68516 62927136  13492 883644    0    0     0     0 1042   56  2  0 98  0  0
 1  0  68516 62927136  13492 883644    0    0     0     0 1094   60  2  0 98  0  0
 1  0  68516 62927136  13492 883644    0    0     0     4 1095  158  2  0 98  0  0
 1  0  68516 62927136  13492 883644    0    0     0     0 1097   62  2  0 98  0  0
 1  0  68516 62927136  13492 883644    0    0     0     0 1046   56  2  0 98  0  0
 1  0  68516 62927136  13492 883644    0    0     0     0 1089   58  2  0 98  0  0
 1  0  68516 62927136  13492 883644    0    0     0     0 1100  152  2  0 98  0  0
 1  0  68516 62927136  13492 883644    0    0     0     0 1093   60  2  0 98  0  0
 1  0  68516 62927136  13492 883644    0    0     0    14 1073   86  2  0 98  0  0
 1  0  68516 62927120  13492 883644    0    0     0     0 1113   60  2  0 98  0  0
 1  0  68516 62927120  13492 883644    0    0     0     0 1095  156  2  0 98  0  0
 1  0  68516 62927120  13492 883644    0    0     0     0 1097   62  2  0 98  0  0
 1  0  68516 62927120  13492 883644    0    0     0     0 1044   58  2  0 98  0  0
 1  0  68516 62927120  13492 883644    0    0     0     0 1094   60  2  0 98  0  0
 1  0  68516 62927120  13492 883644    0    0     0     4 1094  156  2  0 98  0  0
 1  0  68516 62927120  13492 883644    0    0     0     0 1092   58  2  0 98  0  0
 1  0  68516 62927120  13492 883644    0    0     0     0 1043   56  2  0 98  0  0
 1  0  68516 62927120  13492 883644    0    0     0     0 1093   60  2  0 98  0  0
 1  0  68516 62927120  13492 883644    0    0     0     0 1110  162  2  0 98  0  0
 1  0  68516 62927228  13492 883644    0    0     0     0 1114   62  2  0 98  0  0
 1  0  68516 62927228  13492 883644    0    0     0     4 1052   64  2  0 98  0  0
 1  0  68516 62927228  13492 883644    0    0     0     0 1090   60  2  0 98  0  0
 1  0  68516 62927228  13492 883644    0    0     0     0 1095  152  2  0 98  0  0
 1  0  68516 62927228  13492 883644    0    0     0     0 1092   60  2  0 98  0  0
 1  0  68516 62927228  13492 883644    0    0     0     0 1044   56  2  0 98  0  0
 1  0  68516 62927228  13492 883644    0    0     0     0 1092   60  2  0 98  0  0
 1  0  68516 62927228  13492 883644    0    0     0     8 1115  172  2  0 98  0  0
 1  0  68516 62927228  13492 883644    0    0     0     0 1097   58  2  0 98  0  0
 1  0  68516 62927228  13492 883644    0    0     0     0 1058   66  2  0 98  0  0
 1  0  68516 62927212  13492 883644    0    0     0     0 1119   67  2  0 98  0  0
 1  0  68516 62927212  13492 883644    0    0     0     0 1090  152  2  0 98  0  0
 1  0  68516 62927212  13492 883644    0    0     0     0 1094   60  2  0 98  0  0
 1  0  68516 62927212  13492 883644    0    0     0     4 1070   74  2  0 98  0  0
 1  0  68516 62927212  13492 883644    0    0     0     0 1091   58  2  0 98  0  0
 1  0  68516 62927212  13492 883644    0    0     0     0 1093  152  2  0 98  0  0
 1  0  68516 62927212  13492 883644    0    0     0     0 1092   62  2  0 98  0  0
 1  0  68516 62927212  13492 883644    0    0     0     0 1046   56  2  0 98  0  0
 1  0  68516 62927212  13492 883644    0    0     0     0 1093   60  2  0 98  0  0
 1  0  68516 62927212  13492 883644    0    0     0     9 1119  178  2  0 98  0  0
 1  0  68516 62927196  13492 883644    0    0     0     0 1112   60  2  0 98  0  0
 1  0  68516 62927196  13492 883644    0    0     0     0 1044   60  2  0 98  0  0
 1  0  68516 62927196  13492 883644    0    0     0     0 1093   58  2  0 98  0  0
 1  0  68516 62927196  13492 883644    0    0     0     0 1090  154  2  0 98  0  0
 1  0  68516 62927196  13492 883644    0    0     0     0 1095   60  2  0 98  0  0
 1  0  68516 62927196  13492 883644    0    0     0     4 1044   60  2  0 98  0  0
 1  0  68516 62927196  13492 883644    0    0     0     0 1095   58  2  0 98  0  0
 1  0  68516 62927196  13492 883644    0    0     0     0 1109  152  2  0 98  0  0
 1  0  68516 62927196  13492 883644    0    0     0     0 1102   62  2  0 98  0  0
 1  0  68516 62927196  13492 883644    0    0     0     0 1069   66  2  0 98  0  0
 1  0  68516 62927180  13492 883644    0    0     0     0 1116   64  2  0 98  0  0
 1  0  68516 62927180  13492 883644    0    0     0     4 1096  156  2  0 98  0  0
 1  0  68516 62927180  13492 883644    0    0     0     0 1090   58  2  0 98  0  0
 1  0  68516 62927180  13492 883644    0    0     0     0 1045   56  2  0 98  0  0
 1  0  68516 62927180  13492 883644    0    0     0     0 1089   58  2  0 98  0  0
 1  0  68516 62927180  13492 883644    0    0     0     0 1096  152  2  0 98  0  0
 1  0  68516 62927180  13492 883644    0    0     0     0 1096   64  2  0 98  0  0
 1  0  68516 62927180  13492 883644    0    0     0     4 1046   60  2  0 98  0  0
 1  0  68516 62927180  13492 883644    0    0     0     0 1094   58  2  0 98  0  0
 1  0  68516 62927180  13492 883644    0    0     0     0 1107  162  2  0 98  0  0
 1  0  68516 62927164  13492 883644    0    0     0     0 1115   60  2  0 98  0  0
 1  0  68516 62927164  13492 883644    0    0     0     0 1040   56  2  0 98  0  0
 1  0  68516 62927164  13492 883644    0    0     0     0 1094   60  2  0 98  0  0
 1  0  68516 62927164  13492 883644    0    0     0     4 1095  158  2  0 98  0  0
 1  0  68516 62927164  13492 883644    0    0     0     0 1094   58  2  0 98  0  0
 1  0  68516 62927164  13492 883644    0    0     0     0 1049   60  2  0 98  0  0
 1  0  68516 62927164  13492 883644    0    0     0     0 1089   58  2  0 98  0  0
 1  0  68516 62927164  13492 883644    0    0     0     0 1093  152  2  0 98  0  0
 1  0  68516 62927164  13492 883644    0    0     0     0 1092   60  2  0 98  0  0
 1  0  68516 62927164  13492 883644    0    0     0    14 1085   94  2  0 98  0  0
 1  0  68516 62927148  13492 883644    0    0     0     0 1113   60  2  0 98  0  0
 1  0  68516 62927148  13492 883644    0    0     0     0 1092  156  2  0 98  0  0
 1  0  68516 62927148  13492 883644    0    0     0     0 1096   58  2  0 98  0  0
 1  0  68516 62927148  13492 883644    0    0     0     0 1042   58  2  0 98  0  0
 2  0  68516 62927148  13492 883644    0    0     0     8 1103   68  2  0 98  0  0
 1  0  68516 62927148  13492 883644    0    0     0     0 1093  156  2  0 98  0  0
 1  0  68516 62927148  13492 883644    0    0     0     0 1094   58  2  0 98  0  0
 1  0  68516 62927148  13492 883644    0    0     0     0 1040   56  2  0 98  0  0
 1  0  68516 62927148  13492 883644    0    0     0     0 1094   60  2  0 98  0  0
 1  0  68516 62927148  13492 883644    0    0     0     0 1110  162  2  0 98  0  0
 1  0  68516 62927132  13492 883644    0    0     0     4 1116   66  2  0 98  0  0
 1  0  68516 62927132  13492 883644    0    0     0     0 1046   56  2  0 98  0  0
 1  0  68516 62927132  13492 883644    0    0     0     0 1090   60  2  0 98  0  0
 1  0  68516 62927132  13492 883644    0    0     0     0 1099  156  2  0 98  0  0
 1  0  68516 62927132  13492 883644    0    0     0     0 1090   58  2  0 98  0  0
 1  0  68516 62927132  13492 883644    0    0     0     0 1045   56  2  0 98  0  0
 0  1  68516 62926636  13492 884296    0    0   444     4  794  162  1  0 99  0  0
 0  1  68516 62925644  13492 885600    0    0  1304     0  229  400  0  0 100  0  0
 0  1  68516 62922208  13492 887556    0    0  1496     0  218  306  0  0 100  0  0
 0  1  68516 62919728  13492 888208    0    0  1412     0  179  304  0  0 100  0  0
 0  1  68516 62917232  13492 889512    0    0  1372     0  240  306  0  0 100  0  0
 0  1  68516 62914504  13492 891468    0    0  1464     8  248  404  0  0 100  0  0
 0  1  68516 62911528  13492 892120    0    0  1524     0  249  320  0  0 100  0  0
 0  1  68516 62909048  13600 893968    0    0  1544     0  228  302  0  0 100  0  0
 0  1  68516 62906072  13600 895272    0    0  1392     0  212  298  0  0 100  0  0
 0  1  68516 62904336  13600 896652    0    0  1356     0  210  384  0  0 100  0  0
 0  1  68516 62901856  13600 898608    0    0  1452     0  212  300  0  0 100  0  0
 0  1  68516 62898880  13600 899912    0    0  1448     4  173  302  0  0 100  0  0
 0  1  68516 62895904  13600 901216    0    0  1452     0  218  302  0  0 100  0  0
 0  1  68516 62892432  13600 902884    0    0  1544    13  243  420  0  0 100  0  0
 0  1  68516 62890060  13600 904188    0    0  1540     0  238  310  0  0 100  0  0
 0  1  68516 62887084  13708 906036    0    0  1532     0  194  302  0  0 100  0  0
 0  1  68516 62884604  13828 907220    0    0  1584     0  243  290  0  0 100  0  0
 0  1  68516 62881876  14052 909028    0    0  1628     4  276  396  0  0 100  0  0
 0  1  68516 62878900  14124 910260    0    0  1540     0  226  292  0  0 100  0  0
 0  1  68516 62875924  14124 911564    0    0  1456     0  165  296  0  0 100  0  0
 0  1  68516 62873444  14124 912868    0    0  1408     0  209  292  0  0 100  0  0
 0  1  68516 62870220  14232 914428    0    0  1656     0  240  394  0  0 100  0  0
 0  1  68516 62867244  14232 916384    0    0  1448     0  214  296  0  0 100  0  0
 0  1  68516 62864268  14344 917576    0    0  1572     4  217  318  0  0 100  0  0
 0  1  68516 62861772  14344 919532    0    0  1420     0  236  295  0  0 100  0  0
 0  1  68516 62858532  14344 920184    0    0  1588     4  220  404  0  0 100  0  0
 0  1  68516 62856052  14344 921488    0    0  1520     0  221  306  0  0 100  0  0
 0  1  68516 62853076  14344 923444    0    0  1540     0  164  292  0  0 100  0  0
 0  1  68516 62849604  14344 924748    0    0  1532     0  217  304  0  0 100  0  0
 0  1  68516 62847372  14344 926780    0    0  1420     4  211  388  0  0 100  0  0
 0  1  68516 62844396  14344 928084    0    0  1496     0  214  298  0  0 100  0  0
 1  1  68516 62841420  14344 929388    0    0  1492     0  609  305  1  0 99  0  0
 1  1  68516 62838444  14468 930568    0    0  1628     0 1287  360  2  0 98  0  0
 1  1  68516 62835716  14468 932888    0    0  1456     0 1260  444  2  0 98  0  0
 1  1  68516 62832724  14468 933540    0    0  1568     0 1275  354  2  0 98  0  0
 1  1  68516 62829748  14468 935496    0    0  1456     4 1198  348  2  0 98  0  0
 1  1  68516 62827764  14468 937452    0    0  1548     0 1254  366  2  0 98  0  0
 1  1  68516 62824292  14468 938756    0    0  1552     0 1245  436  2  0 98  0  0
 1  1  68516 62821316  14468 939408    0    0  1464     0 1240  340  2  0 98  0  0
 1  1  68516 62818836  14468 941364    0    0  1568     0 1194  338  2  0 98  0  0
 1  1  68516 62815860  14468 943320    0    0  1520     0 1260  350  2  0 98  0  0
 1  1  68516 62812884  14468 944048    0    0  1432     8 1244  442  2  0 98  0  0
 1  1  68516 62809908  14468 946004    0    0  1504     0 1248  348  2  0 98  0  0
 1  1  68516 62806932  14468 947960    0    0  1440    48 1221  364  2  0 98  0  0
 1  1  68516 62803876  14468 949264    0    0  1568     0 1264  346  2  0 98  0  0
 1  1  68516 62801396  14588 950160    0    0  1584     0 1266  436  2  0 98  0  0
 1  1  68516 62798420  14588 952116    0    0  1604     0 1252  354  2  0 98  0  0
 1  1  68516 62795444  14588 954072    0    0  1512     4 1202  358  2  0 98  0  0
 1  1  68516 62791972  14844 955772    0    0  1792     0 1297  336  2  0 98  0  0
 1  1  68516 62789160  14844 956424    0    0  1448     0 1269  430  2  0 98  0  0
 1  1  68516 62786184  14844 957728    0    0  1568     0 1264  352  2  0 98  0  0
 1  1  68516 62783208  14844 959684    0    0  1508     0 1189  338  2  0 98  0  0
 1  1  68516 62780232  14844 961640    0    0  1496     0 1231  332  2  0 98  0  0
 1  1  68516 62777736  14844 962656    0    0  1560     4 1270  464  2  0 98  0  0
 1  1  68516 62773828  14844 963960    0    0  1592     0 1270  352  2  0 98  0  0
 1  1  68516 62770852  14844 965916    0    0  1640     0 1191  344  2  0 98  0  0
 1  1  68516 62768372  14844 967872    0    0  1468     0 1241  339  2  0 98  0  0
 1  1  68516 62765644  14844 968888    0    0  1568     0 1242  446  2  0 98  0  0
 1  1  68516 62762668  14844 970192    0    0  1552     0 1239  338  2  0 98  0  0
 1  1  68516 62759692  14844 972148    0    0  1536     4 1197  354  2  0 98  0  0
 1  1  68516 62756972  14844 973452    0    0  1512     0 1271  342  2  0 98  0  0
 1  1  68516 62753748  14844 974832    0    0  1536     0 1263  444  2  0 98  0  0
 1  1  68516 62750772  14844 976788    0    0  1512     0 1237  326  2  0 98  0  0
 1  1  68516 62748292  14844 978744    0    0  1512     0 1219  364  2  0 98  0  0
 1  1  68516 62745564  14844 979760    0    0  1548     0 1268  352  2  0 98  0  0
 1  1  68516 62742588  14844 981064    0    0  1604     8 1252  452  2  0 98  0  0
 1  1  68516 62738744  14844 983020    0    0  1612     0 1250  350  2  0 98  0  0
 1  1  68516 62736512  14844 984036    0    0  1592     0 1207  354  2  0 98  0  0
 1  1  68516 62733536  14844 985992    0    0  1484     0 1240  346  2  0 98  0  0
 1  1  68516 62730560  14956 987184    0    0  1648     0 1270  434  2  0 98  0  0
 1  1  68516 62727584  14956 989140    0    0  1564     8 1233  328  2  0 98  0  0
 1  1  68516 62724360  14956 990808    0    0  1588     0 1197  358  2  0 98  0  0
 1  1  68516 62721384  14956 992112    0    0  1516     0 1247  356  2  0 98  0  0
 1  1  68516 62719400  14956 994068    0    0  1520     8 1263  468  2  0 98  0  0
 1  1  68516 62716052  14956 994720    0    0  1520     0 1275  356  2  0 98  0  0
 1  1  68516 62712828  14956 997040    0    0  1484     0 1183  336  2  0 98  0  0
 1  1  68516 62710348  14956 997692    0    0  1464     4 1241  332  2  0 98  0  0
 1  1  68516 62707372  14956 999648    0    0  1484     0 1240  444  2  0 98  0  0
 1  1  68516 62704644  14956 1000952    0    0  1488     0 1275  358  2  0 98  0  0
 1  1  68516 62701792  14956 1002984    0    0  1632     0 1234  372  2  0 98  0  0
 1  1  68516 62698692  14956 1003636    0    0  1452     0 1243  338  2  0 98  0  0
 1  1  68516 62695964  15068 1005844    0    0  1588     0 1273  438  2  0 98  0  0
 1  1  68516 62692988  15068 1007148    0    0  1592     4 1254  370  2  0 98  0  0
 1  1  68516 62690012  15068 1008452    0    0  1472     0 1215  366  2  0 98  0  0
 1  1  68516 62686040  15068 1010408    0    0  1668     0 1278  370  2  0 98  0  0
 1  1  68516 62683312  15068 1012440    0    0  1548     0 1242  440  2  0 98  0  0
 1  1  68516 62680336  15068 1013744    0    0  1484     0 1238  342  2  0 98  0  0
 1  1  68516 62677856  15068 1015048    0    0  1508     0 1188  334  2  0 98  0  0
 1  1  68516 62674384  15068 1016352    0    0  1612     8 1259  362  2  0 98  0  0
 1  1  68516 62671160  15068 1018308    0    0  1552     0 1240  440  2  0 98  0  0
 1  1  68516 62668680  15068 1019612    0    0  1584     0 1246  354  2  0 98  0  0
 1  1  68516 62665704  15068 1021568    0    0  1604     0 1189  344  2  0 98  0  0
 1  1  68516 62662728  15068 1022872    0    0  1488     0 1233  336  2  0 98  0  0
 1  1  68516 62660000  15068 1024252    0    0  1512     0 1281  466  2  0 98  0  0
 1  1  68516 62657764  15068 1026208    0    0  1468     4 1284  358  2  0 98  0  0
 1  1  68516 62654788  15068 1028164    0    0  1612     0 1188  356  2  0 98  0  0
 1  1  68516 62651812  15068 1028816    0    0  1504     0 1246  344  2  0 98  0  0
 1  1  68516 62647844  15068 1030484    0    0  1556     0 1235  448  2  0 98  0  0
 1  1  68516 62644868  15068 1032440    0    0  1664     0 1268  388  2  0 98  0  0
 1  1  68516 62641892  15188 1033624    0    0  1616     0 1214  346  2  0 98  0  0
 1  1  68516 62639412  15188 1034928    0    0  1544     4 1261  362  2  0 98  0  0
 1  1  68516 62636436  15188 1036232    0    0  1588     0 1232  444  2  0 98  0  0
 1  1  68516 62633460  15188 1038188    0    0  1524     0 1251  340  2  0 98  0  0
 1  1  68516 62630484  15188 1039492    0    0  1572    23 1227  386  2  0 98  0  0
 1  1  68516 62627136  15188 1041448    0    0  1640     0 1288  378  2  0 98  0  0
 1  1  68516 62624656  15188 1042828    0    0  1588     0 1249  472  2  0 98  0  0
 1  1  68516 62621680  15188 1044132    0    0  1620     4 1259  364  2  0 98  0  0
 1  1  68516 62618208  15188 1046088    0    0  1556     0 1185  346  2  0 98  0  0
 1  1  68516 62615728  15188 1048408    0    0  1512     0 1254  344  2  0 98  0  0
 1  1  68516 62612504  15188 1049060    0    0  1516     0 1231  444  2  0 98  0  0
 1  1  68516 62609064  15188 1050364    0    0  1600     0 1261  368  2  0 98  0  0
 1  1  68516 62606584  15188 1052320    0    0  1604     0 1194  360  2  0 98  0  0
 1  1  68516 62603608  15188 1054276    0    0  1512     8 1271  371  2  0 98  0  0
 1  1  68516 62600384  15188 1054928    0    0  1628     0 1260  452  2  0 98  0  0
 1  1  68516 62597176  15188 1056884    0    0  1700     0 1301  402  2  0 98  0  0
 1  1  68516 62594696  15188 1059280    0    0  1656     0 1210  370  2  0 98  0  0
 1  1  68516 62591720  15188 1060584    0    0  1580     0 1253  356  2  0 98  0  0
 1  1  68516 62588248  15188 1062540    0    0  1640     0 1237  448  2  0 98  0  0
 1  1  68516 62585272  15188 1063844    0    0  1556     4 1251  346  2  0 98  0  0
 1  1  68516 62582296  15188 1065800    0    0  1612     0 1265  386  2  0 98  0  0
 1  1  68516 62579444  15188 1066452    0    0  1548     0 1291  354  2  0 98  0  0
 1  1  68516 62576344  15384 1068212    0    0  1712     0 1324  466  2  0 98  0  0
 1  1  68516 62572996  15384 1069516    0    0  1636     0 1271  376  2  0 98  0  0
 1  1  68516 62570020  15384 1071472    0    0  1584     0 1218  368  2  0 98  0  0
 1  1  68516 62567020  15384 1072776    0    0  1556     8 1284  366  2  0 98  0  0
 1  1  68516 62564788  15384 1075172    0    0  1588     0 1237  450  2  0 98  0  0
 1  1  68516 62561812  15384 1076476    0    0  1460     0 1248  342  2  0 98  0  0
 1  1  68516 62558836  15384 1077780    0    0  1588     0 1204  368  2  0 98  0  0
 1  1  68516 62555860  15500 1079620    0    0  1620     0 1278  338  2  0 98  0  0
 1  1  68516 62552636  15500 1081576    0    0  1640     0 1238  456  2  0 98  0  0
 1  1  68516 62549660  15500 1082228    0    0  1584     4 1268  372  2  0 98  0  0
 1  1  68516 62546188  15500 1084184    0    0  1584     0 1192  350  2  0 98  0  0
 2  0  68516 62543460  15500 1085488    0    0  1632     0 1262  369  2  0 98  0  0
 1  1  68516 62540484  15500 1087444    0    0  1600     8 1306  501  2  0 98  0  0
 1  1  68516 62537312  15500 1088748    0    0  1568     0 1311  366  2  0 98  0  0
 1  1  68516 62533592  15500 1091144    0    0  1596     0 1227  362  2  0 98  0  0
 1  1  68516 62531608  15500 1092448    0    0  1568     8 1287  374  2  0 98  0  0
 1  1  68516 62528632  15500 1093752    0    0  1628     0 1252  470  2  0 98  0  0
 1  1  68516 62525160  15500 1095056    0    0  1620     0 1278  392  2  0 98  0  0
 1  1  68516 62522432  15500 1097012    0    0  1540     0 1181  334  2  0 98  0  0
