procs -----------memory---------- ---swap-- -----io---- -system-- ------cpu-----
 r  b   swpd   free   buff  cache   si   so    bi    bo   in   cs us sy id wa st
 0  1  59676 64212924   5496 544948    0    0   247   321    0    1  1  0 99  0  0
 0  0  59676 64208208   5496 546252    0    0   732     0  125   79  0  0 100  0  0
 0  0  59676 64208208   5496 546252    0    0     0     0   79   30  0  0 100  0  0
 0  0  59676 64208208   5496 546252    0    0     0     0  122   75  0  0 100  0  0
 0  0  59676 64208208   5496 546252    0    0   100     0  266  256  0  0 100  0  0
 0  0  59676 64208208   5496 546252    0    0     0     0  108   92  0  0 100  0  0
 0  0  59676 64207688   5496 546252    0    0     0     0  334  108  0  0 100  0  0
 0  0  59676 64207688   5496 546252    0    0     0     0   70   44  0  0 100  0  0
 0  0  59676 64207688   5496 546252    0    0     0     0  170  120  0  0 100  0  0
 0  0  59676 64207688   5496 546252    0    0     0     0   46   28  0  0 100  0  0
 0  0  59676 64207688   5496 546252    0    0     0     0   75   26  0  0 100  0  0
 0  0  59676 64207688   5496 546252    0    0     0     0   49   28  0  0 100  0  0
 0  0  59676 64207688   5496 546252    0    0     0     0  169  122  0  0 100  0  0
 0  0  59676 64207688   5496 546252    0    0     0     0   47   26  0  0 100  0  0
 0  0  59676 64207688   5496 546252    0    0     0     0   73   24  0  0 100  0  0
 0  0  59676 64207688   5496 546252    0    0     0     0   65   40  0  0 100  0  0
 0  0  59676 64207688   5496 546252    0    0     0    71  199  151  0  0 100  0  0
 0  0  59676 64207688   5496 546252    0    0     0     0   85   66  0  0 100  0  0
 0  0  59676 64207688   5496 546252    0    0     0     0  116   66  0  0 100  0  0
 0  0  59676 64207688   5496 546252    0    0     0     0   88   70  0  0 100  0  0
 0  0  59676 64207688   5496 546252    0    0     0     0  212  162  0  0 100  0  0
 0  0  59676 64207688   5496 546252    0    0     0     0   92   72  0  0 100  0  0
 0  0  59676 64207688   5496 546252    0    0     0     0  117   68  0  0 100  0  0
 0  0  59676 64207688   5496 546252    0    0     0     0   84   66  0  0 100  0  0
 0  0  59676 64207688   5496 546252    0    0     0     0  209  162  0  0 100  0  0
 0  0  59676 64207688   5496 546252    0    0     0     0  109   82  0  0 100  0  0
 0  0  59676 64207688   5496 546252    0    0     0     4  122   70  0  0 100  0  0
 0  0  59676 64207688   5496 546252    0    0     0     0   86   70  0  0 100  0  0
 0  0  59676 64207688   5496 546252    0    0     0     0  208  160  0  0 100  0  0
 0  0  59676 64207688   5496 546252    0    0     0     0   86   66  0  0 100  0  0
 0  0  59676 64207688   5496 546252    0    0     0     0  116   68  0  0 100  0  0
 0  0  59676 64207688   5496 546252    0    0     0    20   99   80  0  0 100  0  0
 0  0  59676 64207688   5496 546252    0    0     0     0  207  160  0  0 100  0  0
 0  0  59676 64207688   5496 546252    0    0     0     0   87   68  0  0 100  0  0
 0  0  59676 64207688   5496 546252    0    0     0     0  119   68  0  0 100  0  0
 0  0  59676 64207688   5496 546252    0    0     0     0  104   78  0  0 100  0  0
 0  0  59676 64207688   5496 546252    0    0     0     0  212  164  0  0 100  0  0
 0  0  59676 64207688   5496 546252    0    0     0     0   90   70  0  0 100  0  0
 0  0  59676 64207688   5496 546252    0    0     0     0  118   66  0  0 100  0  0
 0  0  59676 64207688   5496 546252    0    0     0     0   85   68  0  0 100  0  0
 0  0  59676 64207688   5496 546252    0    0     0     0  218  162  0  0 100  0  0
 0  0  59676 64207688   5496 546252    0    0     0     0   94   68  0  0 100  0  0
 0  0  59676 64207688   5496 546252    0    0     0     0  120   68  0  0 100  0  0
 0  0  59676 64207688   5496 546252    0    0     0     0   88   70  0  0 100  0  0
 0  0  59676 64207688   5496 546252    0    0     0     0  209  160  0  0 100  0  0
 0  0  59676 64207688   5496 546252    0    0     0     0  106   80  0  0 100  0  0
 0  0  59676 64207688   5496 546252    0    0     0   116  142   99  0  0 100  0  0
 0  0  59676 64207688   5496 546252    0    0     0     0   85   68  0  0 100  0  0
 0  0  59676 64207688   5496 546252    0    0     0     0  208  162  0  0 100  0  0
 0  0  59676 64207688   5496 546252    0    0     0     0   89   70  0  0 100  0  0
 0  0  59676 64207688   5496 546252    0    0     0     0  123   72  0  0 100  0  0
 0  0  59676 64207688   5496 546252    0    0     0     0  107   82  0  0 100  0  0
 0  0  59676 64207688   5496 546252    0    0     0     0  212  170  0  0 100  0  0
 0  0  59676 64207688   5496 546252    0    0     0     0  104   80  0  0 100  0  0
 0  0  59676 64207688   5496 546252    0    0     0     0  123   66  0  0 100  0  0
 0  0  59676 64207688   5496 546252    0    0     0     0   93   74  0  0 100  0  0
 0  0  59676 64207688   5496 546252    0    0     0     0  221  166  0  0 100  0  0
 0  0  59676 64207688   5496 546252    0    0     0     0   77   66  0  0 100  0  0
 0  0  59676 64207688   5496 546252    0    0     0     0  125   68  0  0 100  0  0
 0  0  59676 64207688   5496 546252    0    0     0     0   75   64  0  0 100  0  0
 0  0  59676 64207688   5496 546252    0    0     0     0  221  170  0  0 100  0  0
 0  0  59676 64207688   5496 546252    0    0     0     0   76   64  0  0 100  0  0
 0  0  59676 64207688   5496 546252    0    0     0     8  129   72  0  0 100  0  0
 0  0  59676 64207688   5496 546252    0    0     0     0   76   64  0  0 100  0  0
 0  0  59676 64207688   5496 546252    0    0     0     0  216  164  0  0 100  0  0
 0  0  59676 64207688   5496 546252    0    0     0     0   96   74  0  0 100  0  0
 0  0  59676 64206692   5496 546252    0    0     0     0  128   68  0  0 100  0  0
 0  0  59676 64206692   5496 546252    0    0     0     0   79   68  0  0 100  0  0
 0  0  59676 64206692   5496 546252    0    0     0     0  218  166  0  0 100  0  0
 0  0  59676 64206692   5496 546252    0    0     0     0   80   68  0  0 100  0  0
 0  0  59676 64206692   5496 546252    0    0     0     0  123   68  0  0 100  0  0
 0  0  59676 64206692   5496 546252    0    0     0     0   77   64  0  0 100  0  0
 0  0  59676 64206692   5496 546252    0    0     0     0  216  164  0  0 100  0  0
 0  0  59676 64206692   5496 546252    0    0     0     0   79   66  0  0 100  0  0
 0  0  59676 64206692   5496 546252    0    0     0     0  123   66  0  0 100  0  0
 0  0  59676 64206692   5496 546252    0    0     0     0   94   74  0  0 100  0  0
 0  0  59676 64206692   5496 546252    0    0     0    98  222  173  0  0 100  0  0
 0  0  59676 64206692   5496 546252    0    0     0     1  101   94  0  0 100  0  0
 0  0  59676 64206692   5496 546252    0    0     0     0  130   74  0  0 100  0  0
 0  0  59676 64206692   5496 546252    0    0     0     0   81   68  0  0 100  0  0
 0  0  59676 64206692   5496 546252    0    0     0     0  218  164  0  0 100  0  0
 0  0  59676 64206692   5496 546252    0    0     0     0   78   64  0  0 100  0  0
 0  0  59676 64206692   5496 546252    0    0     0     0  129   72  0  0 100  0  0
 0  0  59676 64206692   5496 546252    0    0     0     0   75   66  0  0 100  0  0
 0  0  59676 64206692   5496 546252    0    0     0     0  228  164  0  0 100  0  0
 0  0  59676 64206692   5496 546252    0    0     0     0   99   74  0  0 100  0  0
 0  0  59676 64206692   5496 546252    0    0     0     0  125   68  0  0 100  0  0
 0  0  59676 64206692   5496 546252    0    0     0     0   82   70  0  0 100  0  0
 0  0  59676 64206692   5496 546252    0    0     0     0  220  166  0  0 100  0  0
 0  0  59676 64206692   5496 546252    0    0     0     0   76   64  0  0 100  0  0
 0  0  59676 64206692   5496 546252    0    0     0     0  124   66  0  0 100  0  0
 0  0  59676 64206692   5496 546252    0    0     0     0   73   64  0  0 100  0  0
 0  0  59676 64206692   5496 546252    0    0     0     0  220  164  0  0 100  0  0
 0  0  59676 64206692   5496 546252    0    0     0     4   80   68  0  0 100  0  0
 0  0  59676 64206692   5496 546252    0    0     0     0  125   66  0  0 100  0  0
 0  0  59676 64206692   5496 546252    0    0     0     0   99   78  0  0 100  0  0
 0  0  59676 64206692   5496 546252    0    0     0     0  220  166  0  0 100  0  0
 0  0  59676 64206692   5496 546252    0    0     0     0   80   66  0  0 100  0  0
 0  0  59676 64206692   5496 546252    0    0     0     0  128   72  0  0 100  0  0
 0  0  59676 64206692   5496 546252    0    0     0     0   75   66  0  0 100  0  0
 0  0  59676 64206692   5496 546252    0    0     0     0  218  164  0  0 100  0  0
 0  0  59676 64206692   5496 546252    0    0     0     0   76   64  0  0 100  0  0
 0  0  59676 64206692   5496 546252    0    0     0     0  124   66  0  0 100  0  0
 0  0  59676 64206692   5496 546252    0    0     0     0   73   64  0  0 100  0  0
 0  0  59676 64206692   5496 546252    0    0     0     0  223  170  0  0 100  0  0
 0  0  59676 64206692   5496 546252    0    0     0     0   96   74  0  0 100  0  0
 0  0  59676 64206692   5496 546252    0    0     0     0  125   68  0  0 100  0  0
 0  0  59676 64206692   5496 546252    0    0     0    10   82   77  0  0 100  0  0
 0  0  59676 64206692   5496 546252    0    0     0     0  221  164  0  0 100  0  0
 0  0  59676 64206692   5496 546252    0    0     0     0   80   70  0  0 100  0  0
 0  0  59676 64206692   5496 546252    0    0     0     0  124   66  0  0 100  0  0
 0  0  59676 64206692   5496 546252    0    0     0     0   89   74  0  0 100  0  0
 0  0  59676 64209144   5496 545668    0    0     0     0  388  236  0  0 100  0  0
 0  0  59676 64209208   5496 545668    0    0     0     0  106   91  0  0 100  0  0
 0  0  59676 64209208   5496 545668    0    0     0     8  140   96  0  0 100  0  0
 0  0  59676 64209208   5496 545668    0    0     0     0   95   76  0  0 100  0  0
 0  0  59676 64209208   5496 545668    0    0     0     0  222  168  0  0 100  0  0
 0  0  59676 64209208   5496 545668    0    0     0     0   78   64  0  0 100  0  0
 0  0  59676 64209208   5496 545668    0    0     0     0  125   68  0  0 100  0  0
 0  0  59676 64209208   5496 545668    0    0     0     0   78   68  0  0 100  0  0
 0  1  59676 64213552   5496 545668    0    0    16     4  248  202  0  0 100  0  0
 0  1  59668 64332904   5496 425540    0    0   532    11  327  260  0  0 98  2  0
