procs -----------memory---------- ---swap-- -----io---- -system-- ------cpu-----
 r  b   swpd   free   buff  cache   si   so    bi    bo   in   cs us sy id wa st
 0  1  66904 64109984   5000 651912    0    0    81   139    0    0  1  0 99  0  0
 0  1  66904 64077112   6540 657620    0    0  4868  2052  786  794  0  0 98  1  0
 0  1  66904 64072648   6540 657620    0    0  1736     0  395  355  0  0 98  2  0
 0  1  66904 64068680   6540 657620    0    0  1774     4  436  393  0  0 98  2  0
 1  1  66904 64064200   6540 657620    0    0  1716     0  466  348  0  0 98  2  0
 1  1  66904 64060052   6540 657620    0    0  1696     6 1641  384  2  0 96  2  0
 1  1  66904 64055844   6540 657620    0    0  1770     2 1602  368  2  0 96  2  0
 1  1  66904 64051260   6540 657620    0    0  1760     0 1530  402  2  0 96  2  0
 1  1  66904 64047172   6540 657620    0    0  1732     0 1513  366  2  0 96  2  0
 1  1  66904 64043580   6540 657620    0    0  1746     2 1524  412  2  0 96  2  0
 1  1  66904 64039056   6540 657620    0    0  1768     0 1506  370  2  0 96  2  0
 1  1  66904 64034968   6540 657620    0    0  1750     0 1507  397  2  0 96  2  0
 1  1  66904 64030696   6540 657780    0    0  1748     2 1529  382  2  0 96  2  0
 2  1  66904 64027164   6540 657780    0    0  1640    36 1473  388  2  0 96  2  0
 1  1  66904 64022640   6540 657780    0    0  1768     0 1475  375  2  0 96  2  0
 1  1  66904 64018596   6540 657780    0    0  1742     2 1436  383  2  0 96  2  0
 1  1  66904 64014132   6540 657780    0    0  1770     6 1420  357  2  0 96  2  0
 1  1  66904 64010104   6540 657780    0    0  1754     0 1464  404  2  0 96  2  0
 1  1  66904 64006076   6540 657780    0    0  1754     2 1450  379  2  0 96  2  0
 1  1  66904 64001612   6540 657780    0    0  1734     0 1450  393  2  0 96  2  0
 1  1  66904 63997148   6540 657780    0    0  1700     0 1400  367  2  0 96  2  0
 1  1  66904 63993120   6540 657780    0    0  1746    27 1505  451  2  0 96  2  0
 1  1  66904 63989092   6540 657780    0    0  1788     0 1466  415  2  0 96  2  0
 1  1  66904 63984628   6540 657780    0    0  1744     0 1483  425  2  0 96  2  0
 1  1  66904 63979060   6540 657780    0    0  1746     2 1453  404  2  0 96  2  0
 1  1  66904 63975032   6540 657780    0    0  1708     0 1459  436  2  0 96  2  0
 1  1  66904 63970568   6540 657780    0    0  1790     0 1429  397  2  0 96  2  0
 1  1  66904 63966600   6540 657780    0    0  1722     2 1468  444  2  0 96  2  0
 1  1  66904 63962136   6540 657780    0    0  1774     0 1448  415  2  0 96  2  0
 1  1  66904 63957260   6540 657780    0    0  1758     0 1497  461  2  0 96  2  0
 1  1  66904 63953292   6540 657780    0    0  1708     4 1423  402  2  0 96  2  0
 1  1  66904 63949324   6540 657780    0    0  1698     0 1452  421  2  0 96  2  0
 1  1  66904 63945356   6540 657780    0    0  1738     0 1443  406  2  0 96  2  0
 1  1  66904 63940892   6540 657780    0    0  1760     2 1475  446  2  0 96  2  0
 1  1  66904 63936892   6540 657780    0    0  1810     0 1444  409  2  0 96  2  0
 1  1  66904 63932428   6540 657780    0    0  1766     0 1459  440  2  0 96  2  0
 1  1  66904 63928460   6540 657780    0    0  1824     4 1433  420  2  0 96  2  0
 1  1  66904 63923996   6540 657780    0    0  1728     0 1455  433  2  0 96  2  0
 1  1  66904 63920028   6540 657780    0    0  1780     0 1432  406  2  0 96  2  0
 1  1  66904 63915548   6540 657780    0    0  1766     2 1472  443  2  0 96  2  0
 1  1  66904 63911084   6540 657780    0    0  1754     0 1418  403  2  0 96  2  0
 1  1  66904 63907116   6540 657780    0    0  1710     0 1464  449  2  0 96  2  0
 1  1  66904 63903148   6540 657780    0    0  1780     2 1426  403  2  0 96  2  0
 1  1  66904 63898684   6540 657780    0    0  1764     0 1475  453  2  0 96  2  0
 1  1  66904 63894204   6540 657780    0    0  1884     0 1447  416  2  0 96  2  0
 1  1  66904 63890236   6540 657780    0    0  1706     2 1454  428  2  0 96  2  0
 1  1  66904 63885772   6540 657780    0    0  1772     0 1420  402  2  0 96  2  0
 1  1  66904 63881804   6540 657780    0    0  1826     0 1464  440  2  0 96  2  0
 1  1  66904 63877340   6540 657780    0    0  1702     4 1423  392  2  0 96  2  0
 1  1  66904 63873356   6540 657780    0    0  1722     0 1469  442  2  0 96  2  0
 1  1  66904 63868892   6540 657780    0    0  1796     0 1411  397  2  0 96  2  0
 1  1  66904 63864924   6540 657780    0    0  1784     8 1472  465  2  0 96  2  0
 1  1  66904 63860460   6540 657780    0    0  1826     0 1419  387  2  0 96  2  0
 1  1  66904 63855996   6540 657780    0    0  1750     0 1467  445  2  0 96  2  0
 1  1  66904 63852012   6540 657780    0    0  1782     2 1432  401  2  0 96  2  0
 1  1  66904 63847548   6540 657780    0    0  1740     0 1458  440  2  0 96  2  0
 1  1  66904 63843580   6540 657780    0    0  1750     0 1408  390  2  0 96  2  0
 1  1  66904 63839116   6540 657780    0    0  1748     2 1465  451  2  0 96  2  0
 1  1  66904 63835180   6540 657780    0    0  1804     0 1432  412  2  0 96  2  0
 1  1  66904 63830824   6540 657780    0    0  1812     0 1483  461  2  0 96  2  0
 1  1  66904 63826360   6540 657780    0    0  1764     2 1414  396  2  0 96  2  0
 1  1  66904 63822392   6540 657780    0    0  1792     0 1457  447  2  0 96  2  0
 1  1  66904 63817928   6540 657780    0    0  1734     0 1411  382  2  0 96  2  0
 1  1  66904 63813960   6540 657780    0    0  1758     2 1467  443  2  0 96  2  0
 1  1  66904 63809480   6540 657780    0    0  1716     0 1418  379  2  0 96  2  0
 1  1  66904 63805512   6540 657780    0    0  1738     0 1450  437  2  0 96  2  0
 1  1  66904 63801048   6540 657780    0    0  1784     6 1416  394  2  0 96  2  0
 1  1  66904 63797072   6540 657780    0    0  1748     0 1461  440  2  0 96  2  0
 1  1  66904 63792608   6540 657780    0    0  1772     0 1425  405  2  0 96  2  0
 1  1  66904 63788636   6540 657780    0    0  1756     6 1464  449  2  0 96  2  0
 1  1  66904 63784172   6540 657780    0    0  1754     0 1416  399  2  0 96  2  0
 1  1  66904 63780204   6540 657780    0    0  1742     0 1469  440  2  0 96  2  0
 1  1  66904 63776236   6540 657780    0    0  1704     2 1415  391  2  0 96  2  0
 1  1  66904 63771772   6540 657780    0    0  1782     0 1475  442  2  0 96  2  0
 1  1  66904 63767308   6540 657780    0    0  1872     0 1477  407  2  0 96  2  0
 1  1  66904 63763340   6540 657780    0    0  1786     2 1497  445  2  0 96  2  0
 1  1  66904 63758876   6540 657780    0    0  1766     0 1412  400  2  0 96  2  0
 1  1  66904 63754412   6540 657780    0    0  1806     0 1465  452  2  0 96  2  0
 1  1  66904 63750444   6540 657780    0    0  1776     2 1428  406  2  0 96  2  0
 1  1  66904 63745980   6540 657780    0    0  1762     0 1456  428  2  0 96  2  0
 1  1  66904 63742012   6540 657780    0    0  1688     0 1401  379  2  0 96  2  0
 1  1  66904 63738044   6540 657780    0    0  1696     6 1460  441  2  0 96  2  0
 1  1  66904 63733580   6540 657780    0    0  1782     0 1410  391  2  0 96  2  0
 1  1  66904 63729612   6540 657780    0    0  1750     0 1462  431  2  0 96  2  0
 1  1  66904 63725148   6540 657780    0    0  1784     2 1417  396  2  0 96  2  0
 1  1  66904 63721180   6540 657780    0    0  1812     0 1457  447  2  0 96  2  0
 1  1  66904 63716716   6540 657780    0    0  1728     0 1414  388  2  0 96  2  0
 1  1  66904 63712252   6540 657780    0    0  1780     2 1453  437  2  0 96  2  0
 1  1  66904 63708284   6540 657780    0    0  1768     0 1418  384  2  0 96  2  0
 1  1  66904 63703820   6540 657780    0    0  1812     0 1473  455  2  0 96  2  0
 1  1  66904 63699852   6540 657780    0    0  1754     4 1413  399  2  0 96  2  0
 1  1  66904 63695388   6540 657780    0    0  1788     0 1455  446  2  0 96  2  0
 1  1  66904 63691420   6540 657780    0    0  1818     0 1427  406  2  0 96  2  0
 1  1  66904 63686956   6540 657780    0    0  1814     2 1464  440  2  0 96  2  0
 1  1  66904 63682492   6540 657780    0    0  1772     0 1412  400  2  0 96  2  0
 1  1  66904 63678028   6540 657780    0    0  1754     0 1459  434  2  0 96  2  0
 1  1  66904 63674060   6540 657780    0    0  1752    14 1480  411  2  0 96  2  0
 1  1  66904 63669596   6540 657780    0    0  1764     0 1458  445  2  0 96  2  0
 1  1  66904 63665628   6540 657780    0    0  1768     0 1426  395  2  0 96  2  0
 1  1  66904 63661164   6540 657780    0    0  1776     4 1458  445  2  0 96  2  0
 1  1  66904 63657196   6540 657780    0    0  1750     0 1410  400  2  0 96  2  0
 1  1  66904 63653228   6540 657780    0    0  1710     0 1462  442  2  0 96  2  0
 1  1  66904 63648764   6540 657780    0    0  1778     2 1413  393  2  0 96  2  0
 1  1  66904 63644796   6540 657780    0    0  1740     0 1460  442  2  0 96  2  0
 1  1  66904 63640332   6540 657780    0    0  1742     0 1399  388  2  0 96  2  0
 1  1  66904 63636364   6540 657780    0    0  1650     2 1440  430  2  0 96  2  0
 1  1  66904 63632396   6540 657780    0    0  1804     0 1413  394  2  0 96  2  0
 1  1  66904 63627932   6540 657780    0    0  1756     0 1459  434  2  0 96  2  0
 1  1  66904 63623964   6540 657780    0    0  1800     4 1435  419  2  0 96  2  0
 1  1  66904 63619500   6540 657780    0    0  1786     0 1451  430  2  0 96  2  0
 1  1  66904 63615036   6540 657780    0    0  1806     0 1412  401  2  0 96  2  0
 1  1  66904 63611068   6540 657780    0    0  1708     6 1452  439  2  0 96  2  0
 1  1  66904 63606604   6540 657780    0    0  1716     0 1401  386  2  0 96  2  0
 1  1  66904 63602636   6540 657780    0    0  1766     0 1459  433  2  0 96  2  0
 1  1  66904 63598164   6540 657780    0    0  1808     2 1429  413  2  0 96  2  0
 1  1  66904 63594196   6540 657780    0    0  1738     0 1456  440  2  0 96  2  0
 1  1  66904 63589724   6540 657780    0    0  1768     0 1411  396  2  0 96  2  0
 1  1  66904 63585740   6540 657780    0    0  1742     2 1470  446  2  0 96  2  0
 1  1  66904 63581252   6540 657780    0    0  1786     0 1435  393  2  0 96  2  0
 1  1  66904 63576756   6540 657780    0    0  1760     0 1474  443  2  0 96  2  0
 1  1  66904 63572772   6540 657780    0    0  1760     4 1413  392  2  0 96  2  0
 1  1  66904 63568292   6540 657780    0    0  1766     0 1448  433  2  0 96  2  0
 1  1  66904 63564308   6540 657780    0    0  1790     0 1403  390  2  0 96  2  0
 1  1  66904 63559828   6540 657780    0    0  1788     4 1468  441  2  0 96  2  0
 1  1  66904 63555828   6540 657780    0    0  1768     0 1419  394  2  0 96  2  0
 1  1  66904 63551348   6540 657780    0    0  1750     0 1447  434  2  0 96  2  0
 1  1  66904 63547364   6540 657780    0    0  1680     6 1407  388  2  0 96  2  0
 1  1  66904 63543380   6540 657780    0    0  1750     0 1450  435  2  0 96  2  0
 1  1  66904 63538892   6540 657780    0    0  1792     0 1415  398  2  0 96  2  0
 1  1  66904 63534396   6540 657780    0    0  1822     2 1487  464  2  0 96  2  0
 1  1  66904 63529916   6540 657780    0    0  1762     0 1409  386  2  0 96  2  0
 1  1  66904 63525932   6540 657780    0    0  1764     0 1457  453  2  0 96  2  0
 1  1  66904 63521452   6540 657780    0    0  1750     2 1405  383  2  0 96  2  0
 1  1  66904 63517468   6540 658216    0    0  1742     0 1460  441  2  0 96  2  0
 1  1  66904 63512964   6540 658216    0    0  1708     0 1415  385  2  0 96  2  0
 1  1  66904 63508980   6540 658216    0    0  1772     2 1465  462  2  0 96  2  0
 1  1  66904 63504996   6540 658216    0    0  1774     0 1408  386  2  0 96  2  0
 1  1  66904 63500516   6540 658216    0    0  1784     0 1456  445  2  0 96  2  0
 1  1  66904 63496532   6540 658216    0    0  1754     2 1428  416  2  0 96  2  0
 1  1  66904 63492036   6540 658216    0    0  1810     0 1476  450  2  0 96  2  0
 1  1  66904 63487556   6540 658216    0    0  1816     0 1415  398  2  0 96  2  0
 1  1  66904 63483572   6540 658216    0    0  1798    17 1470  453  2  0 96  2  0
 1  1  66904 63479084   6540 658216    0    0  1818     0 1420  401  2  0 96  2  0
 1  1  66904 63474604   6540 658216    0    0  1820     0 1464  446  2  0 96  2  0
 1  1  66904 63470728   6540 658216    0    0  1798     0 1429  404  2  0 96  2  0
 1  1  66904 63466248   6540 658216    0    0  1780     0 1452  443  2  0 96  2  0
 1  1  66904 63462264   6540 658216    0    0  1692     0 1395  379  2  0 96  2  0
 1  1  66904 63457784   6540 658216    0    0  1746     0 1449  430  2  0 96  2  0
 1  1  66904 63453800   6540 658216    0    0  1804     0 1432  420  2  0 96  2  0
 1  1  66904 63449304   6540 658216    0    0  1824     0 1483  462  2  0 96  2  0
