procs -----------memory---------- ---swap-- -----io---- -system-- ------cpu-----
 r  b   swpd   free   buff  cache   si   so    bi    bo   in   cs us sy id wa st
 0  1  58032 64268668   5420 472248    0    0   223   289    0    0  1  0 99  0  0
 1  0  58032 64241896   6676 478240    0    0  8112  4148 1324  859  1  0 98  0  0
 1  0  58032 64241896   6676 478240    0    0     0     0 1126   70  2  0 98  0  0
 1  0  58032 64241896   6676 478240    0    0     0     0 1176  170  2  0 98  0  0
 1  0  58032 64241896   6676 478240    0    0     0     0 1143   78  2  0 98  0  0
 1  0  58032 64241896   6676 478240    0    0     0     0 1076   68  2  0 98  0  0
 1  0  58032 64241896   6676 478240    0    0     0     0 1135   82  2  0 98  0  0
 1  0  58032 64241896   6676 478240    0    0     0     0 1174  166  2  0 98  0  0
 1  0  58032 64241896   6676 478240    0    0     0     0 1125   70  2  0 98  0  0
 1  0  58032 64241896   6676 478240    0    0     0     0 1076   68  2  0 98  0  0
 1  0  58032 64241896   6676 478240    0    0     0     0 1142   78  2  0 98  0  0
 1  0  58032 64242364   6676 479412    0    0     0     0 1346  216  2  0 98  0  0
 1  0  58032 64242368   6676 479412    0    0     0     0 1132   76  2  0 98  0  0
 2  0  58032 64242368   6676 479412    0    0     0    24 1084   82  2  0 98  0  0
 1  0  58032 64242368   6676 479412    0    0     0     0 1159  100  2  0 98  0  0
 1  0  58032 64242368   6676 479412    0    0     0     0 1176  168  2  0 98  0  0
 1  0  58032 64242368   6676 479412    0    0     0    68 1146   70  2  0 98  0  0
 1  0  58032 64242368   6676 479412    0    0     0     0 1078   68  2  0 98  0  0
 1  0  58032 64242368   6676 479412    0    0     0     0 1127   72  2  0 98  0  0
 1  0  58032 64242368   6676 479412    0    0     0     4 1178  166  2  0 98  0  0
 1  0  58032 64242368   6676 479412    0    0     0     0 1123   68  2  0 98  0  0
 1  0  58032 64242000   6676 479412    0    0     0    12 1116   92  2  0 98  0  0
 1  0  58032 64242000   6676 479412    0    0     0     0 1123   70  2  0 98  0  0
 1  0  58032 64242000   6676 479412    0    0     0     0 1175  166  2  0 98  0  0
 1  0  58032 64242000   6676 479412    0    0     0     0 1150   80  2  0 98  0  0
 1  0  58032 64242000   6676 479412    0    0     0     4 1081   70  2  0 98  0  0
 1  0  58032 64242000   6676 479412    0    0     0     0 1125   70  2  0 98  0  0
 1  0  58032 64242000   6676 479412    0    0     0     0 1172  164  2  0 98  0  0
 1  0  58032 64242000   6676 479412    0    0     0     0 1124   68  2  0 98  0  0
 1  0  58032 64242000   6676 479412    0    0     0     0 1077   66  2  0 98  0  0
 1  0  58032 64242000   6676 479412    0    0     0     0 1126   70  2  0 98  0  0
 1  0  58032 64242000   6676 479412    0    0     0   122 1202  194  2  0 98  0  0
 1  0  58032 64242124   6676 479412    0    0     0     0 1143   84  2  0 98  0  0
 1  0  58032 64242124   6676 479412    0    0     0     0 1080   68  2  0 98  0  0
 1  0  58032 64242124   6676 479412    0    0     0     0 1145   80  2  0 98  0  0
 1  0  58032 64242124   6676 479412    0    0     0     0 1179  162  2  0 98  0  0
 1  0  58032 64242124   6676 479412    0    0     0     4 1144   78  2  0 98  0  0
 1  0  58032 64242124   6676 479412    0    0     0     0 1082   66  2  0 98  0  0
 1  0  58032 64242124   6676 479412    0    0     0     0 1127   68  2  0 98  0  0
 1  0  58032 64242124   6676 479412    0    0     0     0 1174  162  2  0 98  0  0
 1  0  58032 64242124   6676 479412    0    0     0     0 1129   68  2  0 98  0  0
 1  0  58032 64242124   6676 479412    0    0     0     0 1084   74  2  0 98  0  0
 1  0  58032 64242124   6676 479412    0    0     0     4 1132   74  2  0 98  0  0
 1  0  58032 64242124   6676 479412    0    0     0     0 1169  162  2  0 98  0  0
 1  0  58032 64242124   6676 479412    0    0     0     0 1148   78  2  0 98  0  0
 1  0  58032 64242124   6676 479412    0    0     0     0 1076   66  2  0 98  0  0
 1  0  58032 64242124   6676 479412    0    0     0     0 1132   72  2  0 98  0  0
 1  0  58032 64242124   6676 479412    0    0     0     0 1171  162  2  0 98  0  0
 1  0  58032 64242124   6676 479412    0    0     0     8 1130   74  2  0 98  0  0
 1  0  58032 64242124   6676 479412    0    0     0     0 1079   66  2  0 98  0  0
 1  0  58032 64242124   6676 479412    0    0     0     0 1125   72  2  0 98  0  0
 1  0  58032 64242124   6676 479412    0    0     0     0 1186  168  2  0 98  0  0
 1  0  58032 64242124   6676 479412    0    0     0     0 1123   68  2  0 98  0  0
 2  0  58032 64242124   6676 479412    0    0     0     0 1087   69  2  0 98  0  0
 1  0  58032 64242124   6676 479412    0    0     0     4 1144   83  2  0 98  0  0
 1  0  58032 64242124   6676 479412    0    0     0     0 1173  162  2  0 98  0  0
 1  0  58032 64242124   6676 479412    0    0     0     0 1127   68  2  0 98  0  0
 1  0  58032 64242124   6676 479412    0    0     0     0 1076   66  2  0 98  0  0
 1  0  58032 64242124   6676 479412    0    0     0     0 1123   68  2  0 98  0  0
 1  0  58032 64242124   6676 479412    0    0     0     0 1178  168  2  0 98  0  0
 1  0  58032 64242124   6676 479412    0    0     0     4 1131   74  2  0 98  0  0
 1  0  58032 64242124   6676 479412    0    0     0    90 1101   96  2  0 98  0  0
 1  0  58032 64242124   6676 479412    0    0     0     0 1123   68  2  0 98  0  0
 1  0  58032 64242124   6676 479412    0    0     0     0 1187  170  2  0 98  0  0
 1  0  58032 64242124   6676 479412    0    0     0     0 1134   74  2  0 98  0  0
 1  0  58032 64242124   6676 479412    0    0     0     0 1079   68  2  0 98  0  0
 1  0  58032 64242124   6676 479412    0    0     0     4 1128   74  2  0 98  0  0
 1  0  58032 64242124   6676 479412    0    0     0     0 1180  170  2  0 98  0  0
 1  0  58032 64242124   6676 479412    0    0     0     0 1126   68  2  0 98  0  0
 1  0  58032 64242124   6676 479412    0    0     0     0 1077   66  2  0 98  0  0
 1  0  58032 64242124   6676 479412    0    0     0     0 1124   68  2  0 98  0  0
 1  0  58032 64242124   6676 479412    0    0     0     0 1175  168  2  0 98  0  0
 1  0  58032 64242124   6676 479412    0    0     0     4 1130   72  2  0 98  0  0
 1  0  58032 64242124   6676 479412    0    0     0     0 1092   74  2  0 98  0  0
 1  0  58032 64242124   6676 479412    0    0     0     0 1129   72  2  0 98  0  0
 1  0  58032 64242124   6676 479412    0    0     0     0 1171  162  2  0 98  0  0
 1  0  58032 64242124   6676 479412    0    0     0     0 1130   72  2  0 98  0  0
 1  0  58032 64242124   6676 479412    0    0     0     0 1080   68  2  0 98  0  0
 1  0  58032 64242124   6676 479412    0    0     0     4 1126   72  2  0 98  0  0
 1  0  58032 64242124   6676 479412    0    0     0     0 1187  162  2  0 98  0  0
 1  0  58032 64242124   6676 479412    0    0     0     0 1138   68  2  0 98  0  0
 1  0  58032 64242124   6676 479412    0    0     0     0 1103   86  2  0 98  0  0
 1  0  58032 64242124   6676 479412    0    0     0     0 1123   68  2  0 98  0  0
 1  0  58032 64242124   6676 479412    0    0     0     0 1191  176  2  0 98  0  0
 1  0  58032 64242124   6676 479412    0    0     0     4 1134   72  2  0 98  0  0
 1  0  58032 64242124   6676 479412    0    0     0     0 1078   70  2  0 98  0  0
 1  0  58032 64242124   6676 479412    0    0     0     0 1131   68  2  0 98  0  0
 1  0  58032 64242124   6676 479412    0    0     0     0 1172  162  2  0 98  0  0
 1  0  58032 64242124   6676 479412    0    0     0     0 1125   68  2  0 98  0  0
 1  0  58032 64242124   6676 479412    0    0     0     0 1078   68  2  0 98  0  0
 1  0  58032 64242124   6676 479412    0    0     0     4 1130   72  2  0 98  0  0
 1  0  58032 64242124   6676 479412    0    0     0     9 1182  176  2  0 98  0  0
 1  0  58032 64242124   6676 479412    0    0     0     0 1123   68  2  0 98  0  0
 1  0  58032 64242124   6676 479412    0    0     0     0 1097   76  2  0 98  0  0
 1  0  58032 64242124   6676 479412    0    0     0     0 1131   76  2  0 98  0  0
 1  0  58032 64242124   6676 479412    0    0     0     0 1178  164  2  0 98  0  0
 1  0  58032 64242124   6676 479412    0    0     0     4 1130   74  2  0 98  0  0
 1  0  58032 64242124   6676 479412    0    0     0     0 1101   82  2  0 98  0  0
 1  0  58032 64242124   6676 479412    0    0     0     0 1125   68  2  0 98  0  0
 1  0  58032 64242124   6676 479412    0    0     0     0 1171  162  2  0 98  0  0
 1  0  58032 64242124   6676 479412    0    0     0     0 1127   68  2  0 98  0  0
 1  0  58032 64242124   6676 479412    0    0     0     0 1081   70  2  0 98  0  0
 1  0  58032 64242124   6676 479412    0    0     0     8 1129   74  2  0 98  0  0
 1  0  58032 64242124   6676 479412    0    0     0     0 1193  176  2  0 98  0  0
 1  0  58032 64242124   6676 479412    0    0     0     0 1129   68  2  0 98  0  0
 1  0  58032 64242124   6676 479412    0    0     0     0 1078   66  2  0 98  0  0
 1  0  58032 64242124   6676 479412    0    0     0     0 1126   70  2  0 98  0  0
 1  0  58032 64242124   6676 479412    0    0     0     0 1173  164  2  0 98  0  0
 1  0  58032 64242124   6676 479412    0    0     0     4 1128   72  2  0 98  0  0
 1  0  58032 64242124   6676 479412    0    0     0     0 1077   66  2  0 98  0  0
 1  0  58032 64242124   6676 479412    0    0     0     0 1122   68  2  0 98  0  0
 1  0  58032 64242124   6676 479412    0    0     0     0 1180  170  2  0 98  0  0
 1  0  58032 64242124   6676 479412    0    0     0     0 1127   68  2  0 98  0  0
 1  0  58032 64242124   6676 479412    0    0     0     0 1097   78  2  0 98  0  0
 1  0  58032 64242124   6676 479412    0    0     0     4 1130   72  2  0 98  0  0
 1  0  58032 64242124   6676 479412    0    0     0     0 1168  162  2  0 98  0  0
 1  0  58032 64242124   6676 479412    0    0     0     0 1129   68  2  0 98  0  0
 1  0  58032 64242124   6676 479412    0    0     0     0 1074   66  2  0 98  0  0
 1  0  58032 64242124   6676 479412    0    0     0     0 1125   68  2  0 98  0  0
 1  0  58032 64242124   6676 479412    0    0     0     0 1173  164  2  0 98  0  0
 1  0  58032 64242124   6676 479412    0    0     0     4 1133   78  2  0 98  0  0
 1  0  58032 64242124   6676 479412    0    0     0     9 1089   78  2  0 98  0  0
 1  0  58032 64242124   6676 479412    0    0     0     0 1123   68  2  0 98  0  0
 1  0  58032 64242124   6676 479412    0    0     0     0 1199  172  2  0 98  0  0
 1  0  58032 64242124   6676 479412    0    0     0     0 1132   72  2  0 98  0  0
 1  0  58032 64242124   6676 479412    0    0     0     0 1080   68  2  0 98  0  0
 1  0  58032 64242124   6676 479412    0    0     0     4 1132   74  2  0 98  0  0
 1  0  58032 64242124   6676 479412    0    0     0     0 1171  164  2  0 98  0  0
 1  0  58032 64242124   6676 479412    0    0     0     0 1127   68  2  0 98  0  0
 1  0  58032 64242124   6676 479412    0    0     0     0 1082   70  2  0 98  0  0
 1  0  58032 64242124   6676 479412    0    0     0     0 1144   80  2  0 98  0  0
 1  0  58032 64242124   6676 479412    0    0     0     0 1176  166  2  0 98  0  0
 1  0  58032 64242124   6676 479412    0    0     0     4 1128   72  2  0 98  0  0
 1  0  58032 64242124   6676 479412    0    0     0     0 1097   78  2  0 98  0  0
 1  0  58032 64242124   6676 479412    0    0     0     0 1125   68  2  0 98  0  0
 1  0  58032 64242124   6676 479412    0    0     0     0 1173  162  2  0 98  0  0
 1  0  58032 64242124   6676 479412    0    0     0     0 1129   72  2  0 98  0  0
 1  0  58032 64242124   6676 479412    0    0     0     0 1084   70  2  0 98  0  0
 1  0  58032 64242124   6676 479412    0    0     0     4 1130   76  2  0 98  0  0
 1  0  58032 64242124   6676 479412    0    0     0     0 1177  162  2  0 98  0  0
 1  0  58032 64242124   6676 479412    0    0     0     0 1122   68  2  0 98  0  0
 1  0  58032 64242124   6676 479412    0    0     0     0 1103   86  2  0 98  0  0
 1  0  58032 64242124   6676 479412    0    0     0     0 1123   68  2  0 98  0  0
 1  0  58032 64242124   6676 479412    0    0     0     0 1193  174  2  0 98  0  0
 1  0  58032 64242124   6676 479412    0    0     0     4 1129   72  2  0 98  0  0
 1  0  58032 64242124   6676 479412    0    0     0     0 1076   66  2  0 98  0  0
 1  0  58032 64242124   6676 479412    0    0     0     0 1125   68  2  0 98  0  0
 1  0  58032 64242124   6676 479412    0    0     0     0 1176  166  2  0 98  0  0
 1  0  58032 64242124   6676 479412    0    0     0     0 1128   68  2  0 98  0  0
 1  0  58032 64242124   6676 479412    0    0     0     0 1081   68  2  0 98  0  0
 1  0  58032 64242124   6676 479412    0    0     0     8 1129   74  2  0 98  0  0
 1  0  58032 64242124   6676 479412    0    0     0     8 1180  172  2  0 98  0  0
 1  0  58032 64242124   6676 479412    0    0     0     0 1126   68  2  0 98  0  0
 1  0  58032 64242124   6676 479412    0    0     0     0 1098   76  2  0 98  0  0
 1  0  58032 64242124   6676 479412    0    0     0     0 1129   72  2  0 98  0  0
 1  0  58032 64242124   6676 479412    0    0     0     0 1174  164  2  0 98  0  0
 1  0  58032 64242124   6676 479412    0    0     0     4 1139   78  2  0 98  0  0
 1  0  58032 64242124   6676 479412    0    0     0     0 1078   68  2  0 98  0  0
 1  0  58032 64242124   6676 479412    0    0     0     0 1127   68  2  0 98  0  0
 1  0  58032 64242124   6676 479412    0    0     0     0 1169  162  2  0 98  0  0
 1  0  58032 64242124   6676 479412    0    0     0     0 1129   70  2  0 98  0  0
 0  1  58032 64238032   9476 479220    0    0  4056     0 1843  370  0  0 98  2  0
 0  1  58032 64234064  11320 479332    0    0  3540     8 1365  408  0  0 98  2  0
 0  1  58032 64230592  13208 479400    0    0  3616     0 1470  532  0  0 98  2  0
 0  1  58032 64227120  14732 479180    0    0  3224     0 1230  424  0  0 98  2  0
 0  1  58032 64224144  15660 479556    0    0  2676     0  869  410  0  0 98  2  0
 0  1  58032 64221664  16312 479556    0    0  2212   708 1043  372  0  0 98  2  0
 1  1  58032 64218672  17044 479476    0    0  2468     0 1850  527  2  0 96  2  0
 1  1  58032 64216688  17516 479004    0    0  2136     4 1693  418  2  0 96  2  0
 1  1  58032 64214208  17992 479180    0    0  2208     0 1661  422  2  0 96  2  0
 1  1  58032 64211728  18104 479068    0    0  1960     0 1533  432  2  0 96  2  0
 1  1  58032 64209248  18688 479136    0    0  2396     0 1805  520  2  0 96  2  0
 1  1  58032 64207264  18688 479136    0    0  1672     0 1492  418  2  0 96  2  0
 1  1  58032 64204784  18804 479020    0    0  1884     0 1509  448  2  0 96  2  0
 1  1  58032 64203296  18916 479560    0    0  1732     4 1513  404  2  0 96  2  0
 1  1  58032 64201312  19020 479456    0    0  1832     0 1578  524  2  0 96  2  0
 1  1  58032 64199328  19020 479456    0    0  1732     0 1460  404  2  0 96  2  0
 1  1  58032 64197344  19132 479344    0    0  1804     0 1467  406  2  0 96  2  0
 1  1  58032 64194864  19500 479628    0    0  2136     0 1656  440  2  0 96  2  0
 1  1  58032 64192880  19624 479504    0    0  1932     0 1579  540  2  0 96  2  0
 1  1  58032 64190400  19624 479504    0    0  1984     4 1517  472  2  0 96  2  0
 1  1  58032 64187920  19624 479504    0    0  1964    12 1448  458  2  0 96  2  0
 1  1  58032 64185936  19624 479504    0    0  1880     0 1489  446  2  0 96  2  0
 1  1  58032 64183952  19624 479504    0    0  1732     0 1538  522  2  0 96  2  0
 1  1  58032 64181968  19624 479504    0    0  1840     0 1479  436  2  0 96  2  0
 1  1  58032 64180480  19624 479504    0    0  1776     0 1443  436  2  0 96  2  0
 1  1  58032 64178496  19624 479504    0    0  1820     4 1474  436  2  0 96  2  0
 1  1  58032 64176016  19624 479504    0    0  1820     0 1520  526  2  0 96  2  0
 1  1  58032 64174016  19624 479504    0    0  1824     0 1491  434  2  0 96  2  0
 1  1  58032 64172528  19624 479504    0    0  1624     0 1400  400  2  0 96  2  0
 1  1  58032 64170544  19624 479504    0    0  1916     0 1529  496  2  0 96  2  0
 1  1  58032 64167812  19624 479504    0    0  1788     0 1548  548  2  0 96  2  0
 1  1  58032 64165828  19624 479504    0    0  1816     4 1471  426  2  0 96  2  0
 1  1  58032 64163844  19624 479504    0    0  1668     0 1413  406  2  0 96  2  0
 1  1  58032 64161860  19624 479504    0    0  1780     0 1485  438  2  0 96  2  0
 1  1  58032 64159876  19624 479504    0    0  1748     0 1515  520  2  0 96  2  0
 1  1  58032 64158388  19624 479504    0    0  1584  3668 2749  418  2  0 96  2  0
 1  1  58032 64156404  19624 479504    0    0  1800     0 1417  426  2  0 96  2  0
 1  1  58032 64154420  19624 479504    0    0  1872     8 1497  442  2  0 96  2  0
 1  1  58032 64152436  19624 479504    0    0  1780     0 1521  516  2  0 96  2  0
 1  1  58032 64150452  19624 479504    0    0  1912     0 1502  464  2  0 96  2  0
 1  1  58032 64148452  19624 479504    0    0  1736     0 1467  442  2  0 96  2  0
 1  1  58032 64146468  19624 479504    0    0  1824     0 1470  420  2  0 96  2  0
 1  1  58032 64144484  19624 479504    0    0  1800     0 1535  536  2  0 96  2  0
 1  1  58032 64142500  19624 479504    0    0  1780     4 1477  418  2  0 96  2  0
 1  1  58032 64140516  19624 479504    0    0  1900     0 1446  434  2  0 96  2  0
 1  1  58032 64138532  19624 479504    0    0  1876     0 1489  450  2  0 96  2  0
 1  1  58032 64136548  19624 479504    0    0  1804     0 1563  524  2  0 96  2  0
 1  1  58032 64134564  19624 479504    0    0  1620     0 1483  398  2  0 96  2  0
 1  1  58032 64132580  19624 479504    0    0  1868     0 1459  424  2  0 96  2  0
 1  1  58032 64130596  19624 479504    0    0  1784     4 1504  434  2  0 96  2  0
 1  1  58032 64128596  19624 479504    0    0  1720    47 1561  544  2  0 96  2  0
 1  1  58032 64126612  19624 479504    0    0  1804     0 1467  432  2  0 96  2  0
 1  1  58032 64124628  19624 479504    0    0  1800     0 1452  438  2  0 96  2  0
 1  1  58032 64122644  19624 479504    0    0  1788     0 1482  434  2  0 96  2  0
 1  1  58032 64120660  19624 479504    0    0  1828     0 1517  522  2  0 96  2  0
 1  1  58032 64118676  19624 479504    0    0  1860     8 1494  436  2  0 96  2  0
 1  1  58032 64116676  19624 479504    0    0  1840     0 1438  432  2  0 96  2  0
 1  1  58032 64114692  19624 479504    0    0  1720     0 1471  428  2  0 96  2  0
 1  1  58032 64112708  19624 479504    0    0  1928     0 1543  556  2  0 96  2  0
 1  1  58032 64110724  19624 479504    0    0  1828     0 1495  456  2  0 96  2  0
 1  1  58032 64108724  19624 479504    0    0  1884     0 1472  452  2  0 96  2  0
 2  0  58032 64106740  19624 479504    0    0  1764     8 1464  417  2  0 96  2  0
 1  1  58032 64104756  19624 479504    0    0  1788     0 1522  517  2  0 96  2  0
 1  1  58032 64102772  19624 479504    0    0  1768     0 1463  406  2  0 96  2  0
 1  1  58032 64100788  19624 479504    0    0  1816     0 1420  406  2  0 96  2  0
 1  1  58032 64098804  19624 479504    0    0  1884     0 1488  446  2  0 96  2  0
 1  1  58032 64096820  19624 479504    0    0  1816     0 1516  522  2  0 96  2  0
 1  1  58032 64094836  19624 479504    0    0  1924     4 1481  446  2  0 96  2  0
 1  1  58032 64092852  19624 479504    0    0  1872     0 1433  430  2  0 96  2  0
 1  1  58032 64090868  19624 479504    0    0  1832     0 1477  438  2  0 96  2  0
 1  1  58032 64088944  19624 479504    0    0  1416  4220 2829  452  2  0 96  2  0
 1  1  58032 64086960  19624 479504    0    0  1848     0 1476  438  2  0 96  2  0
 1  1  58032 64085472  19624 479504    0    0  1716     0 1438  450  2  0 96  2  0
 1  1  58032 64082992  19624 479504    0    0  1788     4 1472  426  2  0 96  2  0
 1  1  58032 64081008  19624 479504    0    0  1868     0 1529  542  2  0 96  2  0
 1  1  58032 64079024  19624 479504    0    0  1864     0 1495  460  2  0 96  2  0
 1  1  58032 64077040  19624 479504    0    0  1916     0 1433  436  2  0 96  2  0
 1  1  58032 64075056  19624 479504    0    0  1788     0 1473  430  2  0 96  2  0
 1  1  58032 64073072  19624 479504    0    0  1856     0 1531  540  2  0 96  2  0
 1  1  58032 64071088  19624 479504    0    0  1952     4 1518  510  2  0 96  2  0
 1  1  58032 64069104  19624 479504    0    0  1896    38 1454  468  2  0 96  2  0
 1  1  58032 64067120  19624 479504    0    0  1732     0 1471  426  2  0 96  2  0
 1  1  58032 64065136  19624 479504    0    0  1876     0 1555  560  2  0 96  2  0
 1  1  58032 64063648  19624 479504    0    0  1828     0 1498  456  2  0 96  2  0
 1  1  58032 64061664  19624 479504    0    0  1836     0 1423  428  2  0 96  2  0
 1  1  58032 64059680  19624 479504    0    0  1852     8 1499  460  2  0 96  2  0
 1  1  58032 64057696  19624 479504    0    0  1828     0 1515  518  2  0 96  2  0
 1  1  58032 64055712  19624 479504    0    0  1872     0 1481  448  2  0 96  2  0
 1  1  58032 64053728  19624 479504    0    0  1852     0 1439  454  2  0 96  2  0
 1  1  58032 64051744  19624 479504    0    0  1972     0 1509  462  2  0 96  2  0
 1  1  58032 64049760  19624 479504    0    0  1948     0 1577  566  2  0 96  2  0
 1  1  58032 64047280  19624 479504    0    0  1884     4 1529  466  2  0 96  2  0
 1  1  58032 64045792  19624 479504    0    0  1840     0 1473  472  2  0 96  2  0
 1  1  58032 64043312  19624 479504    0    0  1872     0 1478  436  2  0 96  2  0
 1  1  58032 64041328  19624 479504    0    0  1964     0 1543  574  2  0 96  2  0
 1  1  58032 64039840  19624 479504    0    0  1708     0 1470  430  2  0 96  2  0
 1  1  58032 64037360  19624 479504    0    0  1924     0 1431  432  2  0 96  2  0
 1  1  58032 64035872  19624 479504    0    0  1824     0 1487  450  2  0 96  2  0
 1  1  58032 64033888  19624 479504    0    0  1784     0 1520  536  2  0 96  2  0
 1  1  58032 64031904  19624 479504    0    0  1780     0 1478  450  2  0 96  2  0
 1  1  58032 64029920  19624 479504    0    0  1924     0 1456  464  2  0 96  2  0
 1  1  58032 64027936  19624 479504    0    0  1832     0 1472  430  2  0 96  2  0
 1  1  58032 64025952  19624 479504    0    0  1908     0 1542  544  2  0 96  2  0
 1  1  58032 64023968  19624 479504    0    0  1816     0 1482  448  2  0 96  2  0
 1  1  58032 64021984  19624 479504    0    0  1956     0 1436  446  2  0 96  2  0
 1  1  58032 64020496  19624 479504    0    0  1652  3996 2846  448  2  0 96  2  0
 1  1  58032 64018512  19624 479504    0    0  1704     0 1503  506  2  0 96  2  0
 1  1  58032 64016528  19624 479504    0    0  1820     0 1477  438  2  0 96  2  0
 1  1  58032 64015040  19624 479504    0    0  1760     0 1425  442  2  0 96  2  0
 1  1  58032 64013056  19624 479504    0    0  1948     0 1499  464  2  0 96  2  0
 1  1  58032 64011072  19624 479504    0    0  1832     0 1539  554  2  0 96  2  0
 1  1  58032 64009088  19624 479504    0    0  1820     9 1484  460  2  0 96  2  0
 1  1  58032 64007104  19624 479504    0    0  1928     0 1453  456  2  0 96  2  0
 1  1  58032 64005120  19624 479504    0    0  1880     0 1489  454  2  0 96  2  0
 1  1  58032 64003136  19624 479504    0    0  1896     0 1539  570  2  0 96  2  0
 1  1  58032 64001152  19624 479504    0    0  1728     0 1465  424  2  0 96  2  0
 1  1  58032 63999696  19624 479504    0    0  1876     0 1445  452  2  0 96  2  0
 1  1  58032 63997712  19624 479504    0    0  1864     0 1482  444  2  0 96  2  0
 1  1  58032 63995728  19624 479504    0    0  1904     0 1521  534  2  0 96  2  0
 1  1  58032 63993744  19624 479504    0    0  1876     0 1496  462  2  0 96  2  0
 1  1  58032 63991760  19624 479504    0    0  1796     0 1422  448  2  0 96  2  0
 1  1  58032 63989776  19624 479504    0    0  1876     0 1484  436  2  0 96  2  0
 1  1  58032 63987792  19624 479504    0    0  1932     4 1565  594  2  0 96  2  0
 1  1  58032 63985808  19624 479504    0    0  1916     0 1491  448  2  0 96  2  0
 1  1  58032 63983824  19624 479504    0    0  1820     0 1421  426  2  0 96  2  0
 1  1  58032 63981840  19624 479504    0    0  1876     0 1486  438  2  0 96  2  0
 1  1  58032 63979856  19624 479504    0    0  1768     0 1511  534  2  0 96  2  0
 1  1  58032 63977872  19624 479504    0    0  1796     8 1468  434  2  0 96  2  0
 1  1  58032 63975888  19624 479504    0    0  1844     0 1431  446  2  0 96  2  0
 1  1  58032 63973904  19624 479504    0    0  1884     0 1477  444  2  0 96  2  0
 1  1  58032 63971920  19624 479504    0    0  1860     0 1524  548  2  0 96  2  0
 1  1  58032 63969936  19624 479504    0    0  1904     0 1480  446  2  0 96  2  0
 1  1  58032 63968448  19624 479504    0    0  1864     4 1450  453  2  0 96  2  0
 1  1  58032 63967448  19624 479504    0    0  1824     0 1469  418  2  0 96  2  0
 1  1  58032 63965464  19624 479504    0    0  1832     0 1547  536  2  0 96  2  0
 1  1  58032 63963480  19624 479504    0    0  1764  3460 2753  454  2  0 96  2  0
 1  1  58032 63961992  19624 479504    0    0  1744     0 1408  418  2  0 96  2  0
 1  1  58032 63960008  19624 479504    0    0  1840     0 1477  436  2  0 96  2  0
 1  1  58032 63958024  19624 479504    0    0  1688     0 1506  526  2  0 96  2  0
