procs -----------memory---------- ---swap-- -----io---- -system-- ------cpu-----
 r  b   swpd   free   buff  cache   si   so    bi    bo   in   cs us sy id wa st
 0  1  59660 64292088   5496 464032    0    0   247   320    0    1  1  0 99  0  0
 1  0  59660 64261624   6908 470520    0    0  8060  4112 1411  888  1  0 98  1  0
 1  0  59660 64261624   6908 470520    0    0     0     0 1081   68  2  0 98  0  0
 1  0  59660 64261624   6908 470520    0    0     0     0 1148   82  2  0 98  0  0
 1  0  59660 64261624   6908 470520    0    0    16     0 1244  184  2  0 98  0  0
 1  0  59660 64261624   6908 470520    0    0     0    63 1224  187  2  0 98  0  0
 1  0  59660 64261624   6908 470520    0    0    96     0 1367  231  2  0 98  0  0
 1  0  59660 64261624   6908 470520    0    0     0     0 1148   82  2  0 98  0  0
 1  0  59660 64261624   6908 470520    0    0     0     0 1145  136  2  0 98  0  0
 1  0  59660 64261624   6908 470520    0    0     0     0 1168  106  2  0 98  0  0
 1  0  59660 64261624   6908 470520    0    0     0     0 1077   68  2  0 98  0  0
 1  0  59660 64261624   6908 470520    0    0     0    12 1140   80  2  0 98  0  0
 1  0  59660 64261624   6908 470520    0    0     0     0 1147  136  2  0 98  0  0
 1  0  59660 64261624   6908 470520    0    0     0     0 1183  116  2  0 98  0  0
 1  0  59660 64261624   6908 470520    0    0     0     0 1089   72  2  0 98  0  0
 1  0  59660 64259720   6908 470520    0    0     0     0 1139   74  2  0 98  0  0
 1  0  59660 64259720   6908 470520    0    0     0     8 1150  140  2  0 98  0  0
 1  0  59660 64259720   6908 470520    0    0     0     0 1163  102  2  0 98  0  0
 1  0  59660 64259720   6908 470520    0    0     0     0 1080   70  2  0 98  0  0
 1  0  59660 64259720   6908 470520    0    0     0     0 1131   70  2  0 98  0  0
 1  0  59660 64259720   6908 470520    0    0     0     0 1145  134  2  0 98  0  0
 1  0  59660 64259720   6908 470520    0    0     0     0 1171  104  2  0 98  0  0
 1  0  59660 64259720   6908 470520    0    0     0     8 1087   76  2  0 98  0  0
 1  0  59660 64259720   6908 470520    0    0     0     0 1161   86  2  0 98  0  0
 1  0  59660 64259720   6908 470520    0    0     0     0 1145  139  2  0 98  0  0
 1  0  59660 64259140   6908 470520    0    0     0     0 1178  102  2  0 98  0  0
 1  0  59660 64259140   6908 470520    0    0     0     0 1080   70  2  0 98  0  0
 1  0  59660 64259140   6908 470520    0    0     0     8 1137   74  2  0 98  0  0
 1  0  59660 64259140   6908 470520    0    0     0     0 1151  140  2  0 98  0  0
 1  0  59660 64259140   6908 470520    0    0     0     0 1157   98  2  0 98  0  0
 1  0  59660 64259140   6908 470520    0    0     0     0 1081   68  2  0 98  0  0
 1  0  59660 64259140   6908 470520    0    0     0    64 1144   72  2  0 98  0  0
 1  0  59660 64259140   6908 470520    0    0     0     0 1155  144  2  0 98  0  0
 1  0  59660 64259140   6908 470520    0    0     0     8 1181  116  2  0 98  0  0
 1  0  59660 64259140   6908 470520    0    0     0     0 1082   68  2  0 98  0  0
 1  0  59660 64259140   6908 470520    0    0     0   175 1165  110  2  0 98  0  0
 1  0  59660 64259140   6908 470520    0    0     0     4 1155  144  2  0 98  0  0
 1  0  59660 64259140   6908 470520    0    0     0     0 1157   98  2  0 98  0  0
 1  0  59660 64259140   6908 470520    0    0     0     8 1098   86  2  0 98  0  0
 1  0  59660 64259140   6908 470520    0    0     0     0 1131   70  2  0 98  0  0
 1  0  59660 64259140   6908 470520    0    0     0     0 1150  142  2  0 98  0  0
 1  0  59660 64259140   6908 470520    0    0     0     0 1169  106  2  0 98  0  0
 1  0  59660 64259140   6908 470520    0    0     0     0 1101   84  2  0 98  0  0
 1  0  59660 64259140   6908 470520    0    0     0     0 1147   80  2  0 98  0  0
 1  0  59660 64259140   6908 470520    0    0     0     8 1157  146  2  0 98  0  0
 1  0  59660 64259140   6908 470520    0    0     0     0 1156   98  2  0 98  0  0
 1  0  59660 64259140   6908 470520    0    0     0     0 1084   70  2  0 98  0  0
 1  0  59660 64259140   6908 470520    0    0     0     0 1128   70  2  0 98  0  0
 1  0  59660 64259140   6908 470520    0    0     0     0 1154  144  2  0 98  0  0
 1  0  59660 64259140   6908 470520    0    0     0    12 1163   98  2  0 98  0  0
 1  0  59660 64259140   6908 470520    0    0     0     0 1082   72  2  0 98  0  0
 1  0  59660 64259140   6908 470520    0    0     0     0 1133   74  2  0 98  0  0
 1  0  59660 64259140   6908 470520    0    0     0     0 1159  148  2  0 98  0  0
 1  0  59660 64259140   6908 470520    0    0     0     0 1168  100  2  0 98  0  0
 1  0  59660 64259140   6908 470520    0    0     0    12 1087   74  2  0 98  0  0
 1  0  59660 64259140   6908 470520    0    0     0     0 1135   74  2  0 98  0  0
 1  0  59660 64259140   6908 470520    0    0     0     0 1162  150  2  0 98  0  0
 1  0  59660 64259140   6908 470520    0    0     0     0 1148   90  2  0 98  0  0
 1  0  59660 64259140   6908 470520    0    0     0     0 1085   72  2  0 98  0  0
 1  0  59660 64259140   6908 470520    0    0     0     0 1130   70  2  0 98  0  0
 1  0  59660 64259140   6908 470520    0    0     0     8 1161  154  2  0 98  0  0
 1  0  59660 64259140   6908 470520    0    0     0     0 1150   90  2  0 98  0  0
 1  0  59660 64259140   6908 470520    0    0     0     0 1080   68  2  0 98  0  0
 1  0  59660 64259140   6908 470520    0    0     0     0 1148   80  2  0 98  0  0
 1  0  59660 64259140   6908 470520    0    0     0     0 1173  150  2  0 98  0  0
 1  0  59660 64259140   6908 470520    0    0     0    44 1179  106  2  0 98  0  0
 1  0  59660 64259140   6908 470520    0    0     0    12 1087   70  2  0 98  0  0
 1  0  59660 64259140   6908 470520    0    0     0     0 1141   76  2  0 98  0  0
 1  0  59660 64259140   6908 470520    0    0     0     0 1164  156  2  0 98  0  0
 1  0  59660 64259140   6908 470520    0    0     0     0 1147   84  2  0 98  0  0
 1  0  59660 64259140   6908 470520    0    0     0     0 1078   68  2  0 98  0  0
 1  0  59660 64259140   6908 470520    0    0     0     8 1139   80  2  0 98  0  0
 1  0  59660 64259140   6908 470520    0    0     0     0 1167  156  2  0 98  0  0
 1  0  59660 64259140   6908 470520    0    0     0     0 1161   94  2  0 98  0  0
 1  0  59660 64259140   6908 470520    0    0     0     0 1083   68  2  0 98  0  0
 1  0  59660 64259140   6908 470520    0    0     0     0 1134   74  2  0 98  0  0
 1  0  59660 64259140   6908 470520    0    0     0     8 1178  162  2  0 98  0  0
 1  0  59660 64259140   6908 470520    0    0     0     0 1139   82  2  0 98  0  0
 1  0  59660 64259140   6908 470520    0    0     0     0 1083   68  2  0 98  0  0
 1  0  59660 64259140   6908 470520    0    0     0     0 1130   70  2  0 98  0  0
 1  0  59660 64259140   6908 470520    0    0     0     0 1166  156  2  0 98  0  0
 1  0  59660 64259140   6908 470520    0    0     0     0 1140   80  2  0 98  0  0
 1  0  59660 64259140   6908 470520    0    0     0     8 1086   76  2  0 98  0  0
 1  0  59660 64259140   6908 470520    0    0     0     0 1148   80  2  0 98  0  0
 1  0  59660 64259140   6908 470520    0    0     0     0 1169  156  2  0 98  0  0
 1  0  59660 64259140   6908 470520    0    0     0     0 1149   86  2  0 98  0  0
 1  0  59660 64259140   6908 470520    0    0     0     0 1085   68  2  0 98  0  0
 1  0  59660 64259140   6908 470520    0    0     0     8 1132   74  2  0 98  0  0
 1  0  59660 64259140   6908 470520    0    0     0     0 1170  158  2  0 98  0  0
 1  0  59660 64259140   6908 470520    0    0     0     0 1136   78  2  0 98  0  0
 1  0  59660 64259140   6908 470520    0    0     0     0 1081   68  2  0 98  0  0
 1  0  59660 64259140   6908 470520    0    0     0     0 1130   72  2  0 98  0  0
 1  0  59660 64259140   6908 470520    0    0     0     0 1172  160  2  0 98  0  0
 1  0  59660 64259140   6908 470520    0    0     0     8 1165   96  2  0 98  0  0
 1  0  59660 64259140   6908 470520    0    0     0     0 1083   68  2  0 98  0  0
 1  0  59660 64259140   6908 470520    0    0     0     9 1137   78  2  0 98  0  0
 1  0  59660 64259140   6908 470520    0    0     0     1 1177  174  2  0 98  0  0
 1  0  59660 64259140   6908 470520    0    0     0     0 1138   78  2  0 98  0  0
 1  0  59660 64259140   6908 470520    0    0     0    12 1089   78  2  0 98  0  0
 1  0  59660 64259140   6908 470520    0    0     0     0 1135   70  2  0 98  0  0
 1  0  59660 64259140   6908 470520    0    0     0     0 1196  176  2  0 98  0  0
 1  0  59660 64259140   6908 470520    0    0     0     0 1138   78  2  0 98  0  0
 1  0  59660 64259140   6908 470520    0    0     0     0 1108   88  2  0 98  0  0
 1  0  59660 64259140   6908 470520    0    0     0    12 1180  108  2  0 98  0  0
 1  0  59660 64259140   6908 470520    0    0     0     0 1175  167  2  0 98  0  0
 1  0  59660 64259140   6908 470520    0    0     0     0 1134   74  2  0 98  0  0
 1  0  59660 64259140   6908 470520    0    0     0     0 1081   68  2  0 98  0  0
 1  0  59660 64259140   6908 470520    0    0     0     0 1130   68  2  0 98  0  0
 1  0  59660 64259576   6908 470520    0    0    84     0 1250  196  2  0 98  0  0
 1  0  59660 64259576   6908 470520    0    0     0     0 1135   74  2  0 98  0  0
 1  0  59660 64259576   6908 470520    0    0     0     0 1075   66  2  0 98  0  0
 1  0  59660 64259576   6908 470520    0    0     0     0 1134   72  2  0 98  0  0
 1  0  59660 64259576   6908 470520    0    0     0     0 1170  162  2  0 98  0  0
 1  0  59660 64259576   6908 470520    0    0     0     0 1148   80  2  0 98  0  0
 1  0  59660 64259576   6908 470520    0    0     0     0 1078   68  2  0 98  0  0
 1  0  59660 64259576   6908 470520    0    0     0     0 1130   70  2  0 98  0  0
 1  0  59660 64259576   6908 470520    0    0     0     0 1172  162  2  0 98  0  0
 1  0  59660 64259576   6908 470520    0    0     0     0 1130   70  2  0 98  0  0
 1  0  59660 64259576   6908 470520    0    0     0     0 1077   66  2  0 98  0  0
 1  0  59660 64259576   6908 470520    0    0     0     0 1128   70  2  0 98  0  0
 1  0  59660 64259576   6908 470520    0    0     0     0 1177  168  2  0 98  0  0
 1  0  59660 64259576   6908 470520    0    0     0     0 1131   70  2  0 98  0  0
 1  0  59660 64259576   6908 470520    0    0     0     0 1077   66  2  0 98  0  0
 1  0  59660 64259576   6908 470520    0    0     0     0 1148   78  2  0 98  0  0
 1  0  59660 64259576   6908 470520    0    0     0     0 1172  164  2  0 98  0  0
 1  0  59660 64259576   6908 470520    0    0     0     0 1133   72  2  0 98  0  0
 1  0  59660 64259576   6908 470520    0    0     0     4 1081   75  2  0 98  0  0
 1  0  59660 64259576   6908 470520    0    0     0     0 1130   70  2  0 98  0  0
 1  0  59660 64259576   6908 470520    0    0     0     0 1181  172  2  0 98  0  0
 1  0  59660 64259576   6908 470520    0    0     0     0 1135   72  2  0 98  0  0
 1  0  59660 64259576   6908 470520    0    0     0     0 1080   66  2  0 98  0  0
 1  0  59660 64259576   6908 470520    0    0     0     0 1129   72  2  0 98  0  0
 1  0  59660 64259576   6908 470520    0    0     0     0 1173  162  2  0 98  0  0
 1  0  59660 64259576   6908 470520    0    0     0     0 1145   80  2  0 98  0  0
 1  0  59660 64259576   6908 470520    0    0     0     8 1085   70  2  0 98  0  0
 1  0  59660 64259576   6908 470520    0    0     0     0 1128   72  2  0 98  0  0
 1  0  59660 64259576   6908 470520    0    0     0     0 1175  164  2  0 98  0  0
 1  0  59660 64259576   6908 470520    0    0     0     0 1133   74  2  0 98  0  0
 1  0  59660 64259576   6908 470520    0    0     0     0 1078   66  2  0 98  0  0
 1  0  59660 64259576   6908 470520    0    0     0     0 1129   70  2  0 98  0  0
 1  0  59660 64259576   6908 470520    0    0     0     0 1172  164  2  0 98  0  0
 1  0  59660 64259576   6908 470520    0    0     0     0 1130   70  2  0 98  0  0
 1  0  59660 64259576   6908 470520    0    0     0     0 1079   68  2  0 98  0  0
 1  0  59660 64259576   6908 470520    0    0     0     0 1145   78  2  0 98  0  0
 1  0  59660 64259576   6908 470520    0    0     0     0 1176  162  2  0 98  0  0
 1  0  59660 64259576   6908 470520    0    0     0     0 1130   74  2  0 98  0  0
 1  0  59660 64259576   6908 470520    0    0     0     0 1088   70  2  0 98  0  0
 1  0  59660 64259576   6908 470520    0    0     0     0 1124   68  2  0 98  0  0
 1  0  59660 64259576   6908 470520    0    0     0     0 1183  162  2  0 98  0  0
 1  0  59660 64259576   6908 470520    0    0     0     0 1134   70  2  0 98  0  0
 1  0  59660 64259576   6908 470520    0    0     0     0 1089   68  2  0 98  0  0
 1  0  59660 64259576   6908 470520    0    0     0     0 1133   68  2  0 98  0  0
 1  0  59660 64259576   6908 470520    0    0     0     0 1172  162  2  0 98  0  0
 1  0  59660 64259576   6908 470520    0    0     0     0 1147   80  2  0 98  0  0
 1  0  59660 64259576   6908 470520    0    0     0     0 1083   70  2  0 98  0  0
 1  0  59660 64259576   6908 470520    0    0     0     0 1133   72  2  0 98  0  0
 1  0  59660 64259576   6908 470520    0    0     0     9 1179  175  2  0 98  0  0
 1  0  59660 64259576   6908 470520    0    0     0     0 1131   72  2  0 98  0  0
 1  0  59660 64259576   6908 470520    0    0     0     0 1081   70  2  0 98  0  0
 1  0  59660 64259576   6908 470520    0    0     0     0 1127   68  2  0 98  0  0
 1  0  59660 64259576   6908 470520    0    0     0     0 1175  164  2  0 98  0  0
 0  1  59660 64259084   6908 470520    0    0  1556     0  553  381  0  0 98  2  0
 0  1  59660 64256604   6908 470520    0    0  1856     0  437  418  0  0 98  2  0
 0  1  59660 64254620   6908 470520    0    0  1796     0  488  420  0  0 98  2  0
 0  1  59660 64252636   6908 470520    0    0  1788     0  521  506  0  0 98  2  0
 0  1  59660 64250156   6908 470520    0    0  1924     8  482  420  0  0 98  2  0
 1  1  59660 64248156   6908 470520    0    0  1764     0 1034  413  1  0 97  2  0
 1  1  59660 64245676   6908 470520    0    0  1756     0 1484  424  2  0 96  2  0
 1  1  59660 64243692   6908 470520    0    0  1748     0 1510  508  2  0 96  2  0
 1  1  59660 64241708   6908 470520    0    0  1804     0 1474  418  2  0 96  2  0
 1  1  59660 64239724   6908 470520    0    0  1868     0 1430  428  2  0 96  2  0
 1  1  59660 64237244   6908 470520    0    0  1744     0 1492  410  2  0 96  2  0
 1  1  59660 64235260   6908 470520    0    0  1808     0 1518  528  2  0 96  2  0
 1  1  59660 64233276   6908 470520    0    0  1740     0 1500  442  2  0 96  2  0
 1  1  59660 64231292   6908 470520    0    0  1744     0 1435  434  2  0 96  2  0
 1  1  59660 64228812   6908 470520    0    0  1832     0 1467  420  2  0 96  2  0
 1  1  59660 64226828   6908 470520    0    0  1904     0 1535  546  2  0 96  2  0
 1  1  59660 64224348   6908 470520    0    0  1852     0 1488  442  2  0 96  2  0
 1  1  59660 64222364   6908 470520    0    0  1856     0 1429  422  2  0 96  2  0
 1  1  59660 64219884   6908 470520    0    0  1900     0 1481  440  2  0 96  2  0
 1  1  59660 64217404   6908 470520    0    0  1932     0 1536  548  2  0 96  2  0
 1  1  59660 64215420   6908 470520    0    0  1816     0 1477  424  2  0 96  2  0
 1  1  59660 64213436   6908 470520    0    0  1692     0 1410  406  2  0 96  2  0
 1  1  59660 64211452   6908 470520    0    0  1716     0 1480  422  2  0 96  2  0
 1  1  59660 64209468   6908 470520    0    0  1752     0 1512  528  2  0 96  2  0
 1  1  59660 64207484   6908 470520    0    0  1808     0 1483  438  2  0 96  2  0
 1  1  59660 64205004   6908 470520    0    0  1836     4 1436  429  2  0 96  2  0
 1  1  59660 64203004   6908 470520    0    0  1804     0 1493  448  2  0 96  2  0
 1  1  59660 64200524   6908 470520    0    0  1896     0 1545  552  2  0 96  2  0
 1  1  59660 64198540   6908 470520    0    0  1832     0 1486  424  2  0 96  2  0
 1  1  59660 64196556   6908 470520    0    0  1844     0 1432  446  2  0 96  2  0
 1  1  59660 64194076   6908 470520    0    0  1816     0 1475  424  2  0 96  2  0
 1  1  59660 64192092   6908 470520    0    0  1812     0 1528  524  2  0 96  2  0
 1  1  59660 64190108   6908 470520    0    0  1760     0 1528  444  2  0 96  2  0
 1  1  59660 64187628   6908 470520    0    0  1752     0 1455  438  2  0 96  2  0
 1  1  59660 64185136   6908 470520    0    0  1836     4 1489  434  2  0 96  2  0
 1  1  59660 64183152   6908 470520    0    0  1828     0 1529  538  2  0 96  2  0
 1  1  59660 64180672   6908 470520    0    0  1872     0 1484  428  2  0 96  2  0
 1  1  59660 64178688   6908 470520    0    0  1796     0 1415  418  2  0 96  2  0
 1  1  59660 64176704   6908 470520    0    0  1712     0 1463  406  2  0 96  2  0
 1  1  59660 64174224   6908 470520    0    0  1840     8 1511  526  2  0 96  2  0
 1  1  59660 64172240   6908 470520    0    0  1864     0 1572  496  2  0 96  2  0
 1  1  59660 64169760   6908 470520    0    0  1868     0 1455  460  2  0 96  2  0
 1  1  59660 64167280   6908 470520    0    0  1980     0 1553  516  2  0 96  2  0
 1  1  59660 64165296   6908 470520    0    0  1780     0 1538  540  2  0 96  2  0
 1  1  59660 64153376   6908 470520    0    0  1764     0 1733  622  2  0 96  2  0
 1  1  59660 64151392   6908 470520    0    0  1912     0 1512  496  2  0 96  2  0
 1  1  59660 64149408   6908 470520    0    0  1740     0 1454  396  2  0 96  2  0
 1  1  59660 64146928   6908 470520    0    0  1816     0 1580  596  2  0 96  2  0
 1  1  59660 64144944   6908 470520    0    0  1812     0 1523  484  2  0 96  2  0
 1  1  59660 64142960   6908 470520    0    0  1732     0 1502  486  2  0 96  2  0
 1  1  59660 64140480   6908 470520    0    0  1752     0 1474  432  2  0 96  2  0
 1  1  59660 64138496   6908 470520    0    0  1828     0 1560  574  2  0 96  2  0
 1  1  59660 64136512   6908 470520    0    0  1732     0 1522  498  2  0 96  2  0
 1  1  59660 64134512   6908 470520    0    0  1812     0 1591  568  2  0 96  2  0
 1  1  59660 64132016   6908 471172    0    0  1852     0 1511  456  2  0 96  2  0
 1  1  59660 64130032   6908 471172    0    0  1700    11 1525  539  2  0 96  2  0
 1  1  59660 64128048   6908 471172    0    0  1744     0 1462  408  2  0 96  2  0
 1  1  59660 64126064   6908 471172    0    0  1840     0 1434  438  2  0 96  2  0
 1  1  59660 64123584   6908 471172    0    0  1680     0 1446  402  2  0 96  2  0
 1  1  59660 64121600   6908 471172    0    0  1776     0 1532  534  2  0 96  2  0
 1  1  59660 64122188   6908 471316    0    0  1864     0 1645  500  2  0 96  2  0
 1  1  59660 64120328   6908 471316    0    0  1772     0 1437  445  2  0 96  2  0
 1  1  59660 64117848   6908 471316    0    0  1780     0 1471  430  2  0 96  2  0
 1  1  59660 64115368   6908 471316    0    0  1960     0 1528  542  2  0 96  2  0
 1  1  59660 64113128   6908 471316    0    0  1840     0 1495  438  2  0 96  2  0
 1  1  59660 64111144   6908 471316    0    0  1860    16 1441  464  2  0 96  2  0
 1  1  59660 64108664   6908 471316    0    0  1892     0 1479  442  2  0 96  2  0
 1  1  59660 64106680   6908 471316    0    0  1848     0 1520  538  2  0 96  2  0
 1  1  59660 64104200   6908 471316    0    0  1808     0 1478  434  2  0 96  2  0
 1  1  59660 64102216   6908 471316    0    0  1812     0 1421  428  2  0 96  2  0
 1  1  59660 64099736   6908 471316    0    0  1884     0 1499  466  2  0 96  2  0
 1  1  59660 64097752   6908 471316    0    0  1912     4 1525  538  2  0 96  2  0
 1  1  59660 64095272   6908 471316    0    0  1908     0 1500  468  2  0 96  2  0
 1  1  59660 64093288   6908 471316    0    0  1868     0 1437  442  2  0 96  2  0
 1  1  59660 64090792   6908 471316    0    0  1820     0 1504  468  2  0 96  2  0
 1  1  59660 64088808   6908 471316    0    0  1848     0 1538  536  2  0 96  2  0
 1  1  59660 64086328   6908 471316    0    0  1780     0 1523  450  2  0 96  2  0
 1  1  59660 64084344   6908 471316    0    0  1816     4 1436  434  2  0 96  2  0
 1  1  59660 64082360   6908 471316    0    0  1824     0 1469  446  2  0 96  2  0
 1  1  59660 64079880   6908 471316    0    0  1768     0 1498  512  2  0 96  2  0
 1  1  59660 64077896   6908 471316    0    0  1828     0 1475  438  2  0 96  2  0
 1  1  59660 64075912   6908 471316    0    0  1796     0 1419  434  2  0 96  2  0
 1  1  59660 64073432   6908 471316    0    0  1948     0 1494  440  2  0 96  2  0
 1  1  59660 64070952   6908 471320    0    0  1908     4 1548  570  2  0 96  2  0
 1  1  59660 64068952   6908 471320    0    0  1832     0 1500  448  2  0 96  2  0
 1  1  59660 64066968   6908 471320    0    0  1832    41 1424  442  2  0 96  2  0
 1  1  59660 64064488   6908 471320    0    0  1752     0 1455  444  2  0 96  2  0
 1  1  59660 64062504   6908 471320    0    0  1808     0 1509  520  2  0 96  2  0
 1  1  59660 64060024   6908 471320    0    0  1976    12 1500  472  2  0 96  2  0
 1  1  59660 64058040   6908 471320    0    0  1604     0 1391  396  2  0 96  2  0
 1  1  59660 64056056   6908 471320    0    0  1940     0 1485  460  2  0 96  2  0
 1  1  59660 64054072   6908 471320    0    0  1772     0 1525  534  2  0 96  2  0
 1  1  59660 64051592   6908 471320    0    0  1780     0 1493  446  2  0 96  2  0
 1  1  59660 64049608   6908 471320    0    0  1848     0 1428  444  2  0 96  2  0
 1  1  59660 64047608   6908 471320    0    0  1832     4 1507  462  2  0 96  2  0
 1  1  59660 64045128   6908 471320    0    0  1908     0 1518  526  2  0 96  2  0
 1  1  59660 64043144   6908 471320    0    0  1824     0 1474  436  2  0 96  2  0
 1  1  59660 64040664   6908 471320    0    0  1904     0 1414  430  2  0 96  2  0
 1  1  59660 64038672   6908 471320    0    0  1876     0 1485  456  2  0 96  2  0
 1  1  59660 64036688   6908 471320    0    0  1648    12 1507  524  2  0 96  2  0
 1  1  59660 64034208   6908 471320    0    0  1800     0 1470  440  2  0 96  2  0
 1  1  59660 64032224   6908 471320    0    0  1808     0 1427  464  2  0 96  2  0
 1  1  59660 64029736   6908 471320    0    0  1872     0 1503  458  2  0 96  2  0
 1  1  59660 64027752   6908 471320    0    0  1876     0 1526  544  2  0 96  2  0
 1  1  59660 64025752   6908 471320    0    0  1848     0 1498  440  2  0 96  2  0
 1  1  59660 64023272   6908 471320    0    0  1840     4 1422  434  2  0 96  2  0
 1  1  59660 64021288   6908 471320    0    0  1832     0 1482  466  2  0 96  2  0
 1  1  59660 64018808   6908 471320    0    0  1856     0 1510  530  2  0 96  2  0
 1  1  59660 64016856   6908 471320    0    0  1852     0 1484  448  2  0 96  2  0
 1  1  59660 64014376   6908 471320    0    0  1916     0 1425  452  2  0 96  2  0
 1  1  59660 64012392   6908 471320    0    0  1864     0 1475  434  2  0 96  2  0
 1  1  59660 64009912   6908 471320    0    0  1864     4 1531  554  2  0 96  2  0
 1  1  59660 64007928   6908 471320    0    0  1900     0 1496  468  2  0 96  2  0
 1  1  59660 64005448   6908 471320    0    0  1920     0 1436  476  2  0 96  2  0
 1  1  59660 64003020   6908 471320    0    0  1928     0 1508  458  2  0 96  2  0
 1  1  59660 64001036   6908 471320    0    0  1820    50 1512  522  2  0 96  2  0
 1  1  59660 63998556   6908 471320    0    0  1812     0 1477  430  2  0 96  2  0
 1  1  59660 63996572   6908 471320    0    0  1800     4 1425  434  2  0 96  2  0
 1  1  59660 63994588   6908 471320    0    0  1860     0 1466  426  2  0 96  2  0
 1  1  59660 63992108   6908 471320    0    0  1840     0 1521  508  2  0 96  2  0
 1  1  59660 63990124   6908 471320    0    0  1784     0 1466  440  2  0 96  2  0
 1  1  59660 63988140   6908 471320    0    0  1904     0 1443  454  2  0 96  2  0
 1  1  59660 63985660   6908 471320    0    0  1884     0 1479  434  2  0 96  2  0
 1  1  59660 63983676   6908 471320    0    0  1720     4 1504  520  2  0 96  2  0
 1  1  59660 63981692   6908 471320    0    0  1876     0 1473  440  2  0 96  2  0
 1  1  59660 63979212   6908 471320    0    0  1840     0 1422  442  2  0 96  2  0
 1  1  59660 63977228   6908 471320    0    0  1760     0 1460  436  2  0 96  2  0
 1  1  59660 63975740   6908 471320    0    0  1808     0 1532  560  2  0 96  2  0
 1  1  59660 63973756   6908 471320    0    0  1744     4 1469  444  2  0 96  2  0
 1  1  59660 63971772   6908 471320    0    0  1812     0 1425  432  2  0 96  2  0
 1  1  59660 63969292   6908 471320    0    0  1868     0 1475  440  2  0 96  2  0
 1  1  59660 63967308   6908 471320    0    0  1840     0 1519  530  2  0 96  2  0
 1  1  59660 63964828   6908 471320    0    0  1920     0 1500  466  2  0 96  2  0
 1  1  59660 63962844   6908 471320    0    0  1896     0 1430  449  2  0 96  2  0
 1  1  59660 63960364   6908 471320    0    0  1820    16 1476  450  2  0 96  2  0
 1  1  59660 63958380   6908 471320    0    0  1932     0 1533  564  2  0 96  2  0
 1  1  59660 63956396   6908 471320    0    0  1832     0 1461  428  2  0 96  2  0
 1  1  59660 63953916   6908 471320    0    0  1792     0 1409  428  2  0 96  2  0
 1  1  59660 63951932   6908 471320    0    0  1920     0 1483  450  2  0 96  2  0
   72  2  0 98  0  0
 1  0  59660 64259140   6908 470520    0    0     0     0 1127   68  2  0 98  0  0
 1  0  59660 64259140   6908 470520    0    0     0     0 1080   68  2  0 98  0  0
