procs -----------memory---------- ---swap-- -----io---- -system-- ------cpu-----
 r  b   swpd   free   buff  cache   si   so    bi    bo   in   cs us sy id wa st
 0  1  67168 64076500   5044 686764    0    0    82   140    0    0  1  0 99  0  0
 0  1  67168 64049816   6588 694056    0    0  8496  4128 1003 1185  0  0 98  1  0
 0  1  67168 64047956   6588 694172    0    0  1756     0  440  368  0  0 98  2  0
 1  1  67168 64046444   6588 693732    0    0  1652     0  430  389  0  0 98  2  0
 0  1  67168 64044460   6588 693732    0    0  1744     0  495  434  0  0 98  2  0
 0  1  67168 64041980   6588 693732    0    0  1744     0  361  344  0  0 98  2  0
 0  1  67168 64039996   6588 693732    0    0  1776    12  418  358  0  0 98  2  0
 0  1  67168 64038012   6588 693732    0    0  1680     0  336  322  0  0 98  2  0
 0  1  67168 64036028   6588 693732    0    0  1752     0  504  440  0  0 98  2  0
 1  1  67168 64034028   6588 693732    0    0  1720    77 1334  397  2  0 96  2  0
 1  1  67168 64031368   6588 693732    0    0  1716     0 1831  398  2  0 96  2  0
 1  1  67168 64029264   6588 693732    0    0  1740     0 1644  390  2  0 96  2  0
 1  1  67168 64026724   6588 693732    0    0  1772     4 1763  492  2  0 96  2  0
 1  1  67168 64024680   6588 693732    0    0  1712     0 1518  384  2  0 96  2  0
 1  1  67168 64022636   6588 693732    0    0  1768     0 1548  396  2  0 96  2  0
 1  1  67168 64020592   6588 693732    0    0  1820     0 1548  414  2  0 96  2  0
 1  1  67168 64018112   6588 693732    0    0  1628     0 1630  480  2  0 96  2  0
 1  1  67168 64016312   6588 693732    0    0  1748     0 1509  398  2  0 96  2  0
 1  1  67168 64014268   6588 693732    0    0  1752     4 1540  416  2  0 96  2  0
 1  1  67168 64012224   6588 693732    0    0  1824     0 1513  394  2  0 96  2  0
 1  1  67168 64009744   6588 693732    0    0  1740     0 1607  480  2  0 96  2  0
 1  1  67168 64007700   6588 693732    0    0  1748     0 1480  382  2  0 96  2  0
 1  1  67168 64005656   6588 693732    0    0  1744     0 1557  400  2  0 96  2  0
 1  1  67168 64003176   6588 693732    0    0  1784     0 1455  414  2  0 96  2  0
 1  1  67168 64001628   6588 693732    0    0  1704     4 1595  494  2  0 96  2  0
 1  1  67168 63999392   6588 693732    0    0  1692     0 1462  396  2  0 96  2  0
 1  1  67168 63997408   6588 693732    0    0  1692     0 1490  386  2  0 96  2  0
 1  1  67168 63995364   6588 693732    0    0  1708     0 1457  392  2  0 96  2  0
 1  1  67168 63993320   6588 693732    0    0  1784     0 1625  484  2  0 96  2  0
 1  1  67168 63988656   6588 693732    0    0  1740     0 1445  400  2  0 96  2  0
 1  1  67168 63986176   6588 693732    0    0  1836     4 1451  392  2  0 96  2  0
 1  1  67168 63984192   6588 693732    0    0  1676    68 1447  428  2  0 96  2  0
 1  1  67168 63981820   6588 693732    0    0  1780     0 1835  600  2  0 96  2  0
 1  1  67168 63979844   6588 693732    0    0  1804     0 1501  470  2  0 96  2  0
 1  1  67164 63979544   6588 693740    0    0  1692    20 1759  692  2  0 96  2  0
 1  1  67164 63977560   6588 693740    0    0  1804     0 1429  416  2  0 96  2  0
 1  1  67164 63975576   6588 693740    0    0  1704    24 1569  510  2  0 96  2  0
 1  1  67164 63973592   6588 693740    0    0  1760     0 1420  408  2  0 96  2  0
 1  1  67164 63971112   6588 693740    0    0  1728     0 1451  384  2  0 96  2  0
 1  1  67164 63968868   6588 693740    0    0  1664   934 1531  518  2  0 96  2  0
 1  1  67164 63966884   6588 693740    0    0  1692     0 1583  490  2  0 96  2  0
 1  1  67164 63964900   6588 693740    0    0  1736     0 1451  392  2  0 96  2  0
 1  1  67164 63962420   6588 693740    0    0  1788     4 1506  416  2  0 96  2  0
 1  1  67164 63960808   6588 693740    0    0  1708     0 1405  392  2  0 96  2  0
 1  1  67164 63958328   6588 693740    0    0  1776     0 1540  492  2  0 96  2  0
 1  1  67164 63956344   6588 693740    0    0  1760     0 1398  386  2  0 96  2  0
 1  1  67164 63954360   6588 693740    0    0  1756     0 1431  372  2  0 96  2  0
 1  1  67164 63951880   6588 693740    0    0  1800     0 1397  390  2  0 96  2  0
 1  1  67164 63949896   6588 693740    0    0  1740     8 1536  490  2  0 96  2  0
 1  1  67164 63947896   6588 693740    0    0  1672     0 1394  374  2  0 96  2  0
 1  1  67164 63945912   6588 693740    0    0  1700     0 1434  386  2  0 96  2  0
 1  1  67164 63943928   6588 693740    0    0  1820     0 1415  408  2  0 96  2  0
 1  1  67164 63941944   6588 693740    0    0  1728     0 1552  484  2  0 96  2  0
 1  1  67164 63939960   6588 693740    0    0  1680     0 1392  388  2  0 96  2  0
 1  1  67164 63937480   6588 693740    0    0  1748     4 1451  398  2  0 96  2  0
 1  1  67164 63935496   6588 693740    0    0  1840     0 1412  412  2  0 96  2  0
 1  1  67164 63933512   6588 693740    0    0  1780     0 1541  490  2  0 96  2  0
 1  1  67164 63931016   6588 693740    0    0  1712     0 1412  406  2  0 96  2  0
 1  1  67164 63929032   6588 693740    0    0  1716     0 1440  388  2  0 96  2  0
 1  1  67164 63927156   6588 693740    0    0  1740     8 1452  426  2  0 96  2  0
 1  1  67164 63925172   6588 693740    0    0  1696     0 1526  476  2  0 96  2  0
 1  1  67164 63923188   6588 693740    0    0  1680     0 1384  382  2  0 96  2  0
 1  1  67164 63920708   6588 693740    0    0  1776     0 1464  404  2  0 96  2  0
 1  1  67164 63918724   6588 693740    0    0  1692     0 1402  400  2  0 96  2  0
 1  1  67164 63916740   6588 693740    0    0  1820     0 1536  492  2  0 96  2  0
 1  1  67164 63914756   6588 693740    0    0  1732     4 1408  402  2  0 96  2  0
 1  1  67164 63912276   6588 693740    0    0  1764    12 1451  400  2  0 96  2  0
 1  1  67164 63910292   6588 693740    0    0  1724     0 1374  368  2  0 96  2  0
 1  1  67164 63908308   6588 693740    0    0  1864     0 1565  508  2  0 96  2  0
 1  1  67164 63906308   6588 693740    0    0  1772    84 1448  420  2  0 96  2  0
 1  1  67164 63903828   6588 693740    0    0  1756     0 1445  394  2  0 96  2  0
 1  1  67164 63901844   6588 693740    0    0  1864     4 1399  400  2  0 96  2  0
 1  1  67164 63899860   6588 693740    0    0  1800     0 1552  500  2  0 96  2  0
 1  1  67164 63897380   6588 693740    0    0  1732     0 1402  386  2  0 96  2  0
 1  1  67164 63895396   6588 693740    0    0  1780     0 1441  390  2  0 96  2  0
 1  1  67164 63893412   6588 693740    0    0  1732     0 1410  400  2  0 96  2  0
 1  1  67164 63891428   6588 693740    0    0  1752     0 1544  488  2  0 96  2  0
 1  1  67164 63889444   6588 693740    0    0  1728     4 1405  404  2  0 96  2  0
 1  1  67164 63886964   6588 693740    0    0  1852     0 1445  398  2  0 96  2  0
 1  1  67164 63884964   6588 693740    0    0  1744     0 1412  390  2  0 96  2  0
 1  1  67164 63882980   6588 693740    0    0  1732     0 1545  492  2  0 96  2  0
 1  1  67164 63880500   6588 693740    0    0  1672     0 1387  382  2  0 96  2  0
 1  1  67164 63878516   6588 693740    0    0  1760     4 1471  418  2  0 96  2  0
 1  1  67164 63876532   6588 693740    0    0  1692     0 1388  394  2  0 96  2  0
 1  1  67164 63874548   6588 693740    0    0  1796     0 1574  494  2  0 96  2  0
 1  1  67164 63872564   6588 693740    0    0  1852     0 1455  402  2  0 96  2  0
 1  1  67164 63870084   6588 693740    0    0  1728     0 1440  384  2  0 96  2  0
 1  1  67164 63868100   6588 693740    0    0  1848     0 1405  416  2  0 96  2  0
 1  1  67164 63865620   6588 693740    0    0  1928     4 1556  506  2  0 96  2  0
 1  1  67164 63863620   6588 693740    0    0  1768     0 1419  404  2  0 96  2  0
 1  1  67164 63861636   6588 693740    0    0  1656     0 1436  378  2  0 96  2  0
 1  1  67164 63859156   6588 693740    0    0  1780     0 1399  412  2  0 96  2  0
 1  1  67164 63857172   6588 693740    0    0  1800     0 1564  508  2  0 96  2  0
 1  1  67164 63855188   6588 693740    0    0  1716     0 1376  368  2  0 96  2  0
 1  1  67164 63852708   6588 693740    0    0  1896     4 1461  418  2  0 96  2  0
 1  1  67164 63850724   6588 693740    0    0  1676     0 1383  382  2  0 96  2  0
 1  1  67164 63848740   6588 693740    0    0  1720     0 1541  486  2  0 96  2  0
 1  1  67164 63846756   6588 693740    0    0  1732     0 1402  412  2  0 96  2  0
 1  1  67164 63844772   6588 693740    0    0  1804     0 1443  402  2  0 96  2  0
 1  1  67164 63842772   6588 693740    0    0  1692    10 1434  432  2  0 96  2  0
 1  1  67164 63840292   6588 693740    0    0  1852    12 1537  494  2  0 96  2  0
 1  1  67164 63838308   6588 693740    0    0  1704     0 1401  388  2  0 96  2  0
 1  1  67164 63835828   6588 693740    0    0  1844     0 1465  414  2  0 96  2  0
 1  1  67164 63833844   6588 693740    0    0  1812     0 1400  398  2  0 96  2  0
 1  1  67164 63831860   6588 693740    0    0  1828     0 1541  490  2  0 96  2  0
 1  1  67164 63829380   6588 693740    0    0  1860     0 1414  410  2  0 96  2  0
 1  1  67164 63827396   6588 693740    0    0  1720     4 1426  370  2  0 96  2  0
 1  1  67164 63825404   6588 693740    0    0  1672     0 1383  388  2  0 96  2  0
 1  1  67164 63823420   6588 693740    0    0  1804     0 1541  508  2  0 96  2  0
 1  1  67164 63821420   6588 693740    0    0  1748     0 1414  392  2  0 96  2  0
 1  1  67164 63818940   6588 693740    0    0  1812     0 1452  402  2  0 96  2  0
 1  1  67164 63816956   6588 693740    0    0  1712     0 1387  400  2  0 96  2  0
 1  1  67164 63814476   6588 693740    0    0  1768     4 1550  498  2  0 96  2  0
 1  1  67164 63812492   6588 693740    0    0  1728     0 1389  384  2  0 96  2  0
 1  1  67164 63810508   6588 693740    0    0  1756     0 1443  398  2  0 96  2  0
 1  1  67164 63808556   6588 693740    0    0  1840     0 1404  400  2  0 96  2  0
 1  1  67164 63806076   6588 693740    0    0  1760     0 1542  494  2  0 96  2  0
 1  1  67164 63804092   6588 693740    0    0  1840     0 1400  404  2  0 96  2  0
 1  1  67164 63802108   6588 693740    0    0  1796     4 1451  402  2  0 96  2  0
 1  1  67164 63799624   6588 693740    0    0  1784     0 1417  422  2  0 96  2  0
 1  1  67164 63797640   6588 693740    0    0  1780     0 1542  496  2  0 96  2  0
 1  1  67164 63795656   6588 693740    0    0  1680     0 1379  382  2  0 96  2  0
 1  1  67164 63793176   6588 693740    0    0  1860     0 1470  418  2  0 96  2  0
 1  1  67164 63791192   6588 693740    0    0  1700     0 1384  388  2  0 96  2  0
 1  1  67164 63789208   6588 693740    0    0  1744     4 1539  492  2  0 96  2  0
 1  1  67164 63787224   6588 693740    0    0  1780     0 1389  390  2  0 96  2  0
 1  1  67164 63784744   6588 693740    0    0  1756     0 1438  386  2  0 96  2  0
 1  1  67164 63782760   6588 693740    0    0  1756     0 1393  394  2  0 96  2  0
 1  1  67164 63780776   6588 693740    0    0  1672     0 1548  472  2  0 96  2  0
 1  1  67164 63778792   6588 693740    0    0  1724     8 1415  412  2  0 96  2  0
 1  1  67164 63776808   6588 693740    0    0  1704     5 1443  394  2  0 96  2  0
 1  1  67164 63774328   6588 693740    0    0  1840     0 1391  392  2  0 96  2  0
 1  1  67164 63772344   6588 693740    0    0  1772     0 1549  486  2  0 96  2  0
 1  1  67164 63770360   6588 693740    0    0  1792     0 1398  386  2  0 96  2  0
 1  1  67164 63768376   6588 693740    0    0  1732     0 1442  388  2  0 96  2  0
 1  1  67164 63765888   6588 693740    0    0  1712     0 1381  376  2  0 96  2  0
 1  1  67164 63763904   6588 693740    0    0  1736     8 1525  474  2  0 96  2  0
 1  1  67164 63761920   6588 693740    0    0  1840     0 1412  410  2  0 96  2  0
 1  1  67164 63759936   6588 693740    0    0  1740     0 1435  382  2  0 96  2  0
 1  1  67164 63757456   6588 693740    0    0  1772     0 1396  398  2  0 96  2  0
 1  1  67164 63755472   6588 693740    0    0  1780     0 1544  496  2  0 96  2  0
 1  1  67164 63753488   6588 693740    0    0  1692     8 1395  390  2  0 96  2  0
 1  1  67164 63751504   6588 693740    0    0  1776     0 1459  400  2  0 96  2  0
 1  1  67164 63749520   6588 693740    0    0  1724     0 1395  392  2  0 96  2  0
 1  1  67164 63747536   6588 693740    0    0  1700     0 1528  494  2  0 96  2  0
 1  1  67164 63745056   6588 693740    0    0  1724     0 1397  390  2  0 96  2  0
 1  1  67164 63743072   6588 693740    0    0  1752     4 1434  390  2  0 96  2  0
 1  1  67164 63741088   6588 693740    0    0  1896     0 1415  414  2  0 96  2  0
 1  1  67164 63738608   6588 693740    0    0  1892     0 1553  510  2  0 96  2  0
 1  1  67164 63736624   6588 693740    0    0  1852     0 1408  404  2  0 96  2  0
 1  1  67164 63734640   6588 693740    0    0  1736     0 1439  390  2  0 96  2  0
 1  1  67164 63732160   6588 693740    0    0  1836     0 1398  406  2  0 96  2  0
 1  1  67164 63730176   6588 693740    0    0  1716     8 1548  488  2  0 96  2  0
 1  1  67164 63727696   6588 693740    0    0  1784     0 1415  410  2  0 96  2  0
 1  1  67164 63725712   6588 693740    0    0  1820     0 1436  392  2  0 96  2  0
 1  1  67164 63723728   6588 693740    0    0  1756     0 1382  382  2  0 96  2  0
 1  1  67164 63721744   6588 693740    0    0  1796     0 1547  498  2  0 96  2  0
 1  1  67164 63719264   6588 693740    0    0  1740     4 1382  384  2  0 96  2  0
 1  1  67164 63717280   6588 693740    0    0  1780     0 1455  408  2  0 96  2  0
 1  1  67164 63715296   6588 693740    0    0  1676     0 1399  390  2  0 96  2  0
 1  1  67164 63713312   6588 693740    0    0  1700     8 1529  486  2  0 96  2  0
 1  1  67164 63711328   6588 693740    0    0  1640     0 1379  388  2  0 96  2  0
 1  1  67164 63709344   6588 693740    0    0  1740     0 1458  392  2  0 96  2  0
 1  1  67164 63707360   6588 693740    0    0  1740     4 1403  400  2  0 96  2  0
 1  1  67164 63704872   6588 693740    0    0  1824     0 1544  492  2  0 96  2  0
 1  1  67164 63702888   6588 693740    0    0  1788     0 1378  386  2  0 96  2  0
 1  1  67164 63700904   6588 693740    0    0  1716     0 1439  410  2  0 96  2  0
 1  1  67164 63698920   6588 693740    0    0  1752     0 1380  380  2  0 96  2  0
 1  1  67164 63696440   6588 693740    0    0  1828     0 1546  486  2  0 96  2  0
 1  1  67164 63694456   6588 693740    0    0  1784     4 1393  396  2  0 96  2  0
 1  1  67164 63691976   6588 693740    0    0  1792     0 1448  402  2  0 96  2  0
 1  1  67164 63689992   6588 693740    0    0  1752     0 1392  376  2  0 96  2  0
 1  1  67164 63688008   6588 693740    0    0  1740     0 1566  508  2  0 96  2  0
 1  1  67164 63686024   6588 693740    0    0  1836     0 1399  404  2  0 96  2  0
 1  1  67164 63683544   6588 693740    0    0  1732     0 1439  398  2  0 96  2  0
 1  1  67164 63681560   6588 693740    0    0  1788     8 1380  388  2  0 96  2  0
 1  1  67164 63679576   6588 693740    0    0  1752     0 1530  486  2  0 96  2  0
 1  1  67164 63677096   6588 693740    0    0  1848     0 1405  400  2  0 96  2  0
 1  1  67164 63675112   6588 693740    0    0  1764     0 1431  388  2  0 96  2  0
 1  1  67164 63673128   6588 693740    0    0  1792     0 1413  422  2  0 96  2  0
 1  1  67164 63671144   6588 693740    0    0  1744     0 1535  478  2  0 96  2  0
 1  1  67164 63668664   6588 693740    0    0  1664     4 1378  378  2  0 96  2  0
 1  1  67164 63666680   6588 693740    0    0  1828     0 1461  398  2  0 96  2  0
 1  1  67164 63664696   6588 693740    0    0  1740     0 1382  384  2  0 96  2  0
 1  1  67164 63662216   6588 693740    0    0  1908     0 1559  524  2  0 96  2  0
 1  1  67164 63660232   6588 693740    0    0  1732     0 1385  378  2  0 96  2  0
 1  1  67164 63658248   6588 693740    0    0  1836     0 1444  408  2  0 96  2  0
 1  1  67164 63655768   6588 693740    0    0  1772     4 1389  398  2  0 96  2  0
 1  1  67164 63653784   6588 693740    0    0  1792     0 1531  486  2  0 96  2  0
 1  1  67164 63651800   6588 693740    0    0  1736     0 1385  376  2  0 96  2  0
 1  1  67164 63649320   6588 693740    0    0  1796    24 1438  392  2  0 96  2  0
 1  1  67164 63647336   6588 693740    0    0  1712     0 1391  392  2  0 96  2  0
 1  1  67164 63645352   6588 693740    0    0  1768     0 1555  496  2  0 96  2  0
 1  1  67164 63643368   6588 693740    0    0  1744     4 1393  396  2  0 96  2  0
 1  1  67164 63640888   6588 693740    0    0  1800     0 1440  390  2  0 96  2  0
 1  1  67164 63638904   6588 693740    0    0  1792     0 1385  392  2  0 96  2  0
 1  1  67164 63636920   6588 693740    0    0  1732     0 1532  480  2  0 96  2  0
 1  1  67164 63634440   6588 693740    0    0  1836     0 1410  402  2  0 96  2  0
 1  1  67164 63632456   6588 693740    0    0  1760     0 1443  386  2  0 96  2  0
 1  1  67164 63630472   6588 693740    0    0  1660     8 1367  368  2  0 96  2  0
 1  1  67164 63628488   6588 693740    0    0  1796     0 1544  500  2  0 96  2  0
 1  1  67164 63626504   6588 693740    0    0  1668     0 1361  354  2  0 96  2  0
 1  1  67164 63624520   6588 693740    0    0  1744     0 1463  418  2  0 96  2  0
 1  1  67164 63622536   6588 693740    0    0  1788     0 1392  408  2  0 96  2  0
 1  1  67164 63620056   6588 693740    0    0  1780     0 1533  498  2  0 96  2  0
 1  1  67164 63618072   6588 693740    0    0  1720     4 1379  370  2  0 96  2  0
 1  1  67164 63615592   6588 693740    0    0  1804     0 1439  390  2  0 96  2  0
 1  1  67164 63613600   6588 693740    0    0  1664     0 1364  360  2  0 96  2  0
 1  1  67164 63611616   6588 693740    0    0  1740     0 1523  472  2  0 96  2  0
 1  1  67164 63609624   6588 693740    0    0  1724     0 1396  396  2  0 96  2  0
 1  1  67164 63607640   6588 693740    0    0  1652     0 1410  350  2  0 96  2  0
 1  1  67164 63605656   6588 693740    0    0  1736     8 1394  394  2  0 96  2  0
 1  1  67164 63603672   6588 693740    0    0  1812     0 1581  494  2  0 96  2  0
 1  1  67164 63601192   6588 693740    0    0  1828     0 1438  392  2  0 96  2  0
 1  1  67164 63599208   6588 693740    0    0  1752     0 1465  378  2  0 96  2  0
 1  1  67164 63597224   6588 693740    0    0  1808     0 1407  410  2  0 96  2  0
 1  1  67164 63594736   6708 693620    0    0  1840     0 1596  484  2  0 96  2  0
 1  1  67164 63592752   6708 693620    0    0  1820     4 1402  398  2  0 96  2  0
 1  1  67164 63590768   6708 693620    0    0  1788     0 1431  384  2  0 96  2  0
 1  1  67164 63588272   6708 693620    0    0  1812     0 1440  422  2  0 96  2  0
 1  1  67164 63588456   6708 693940    0    0  1772     8 1680  532  2  0 96  2  0
 1  1  67164 63586224   6708 693940    0    0  1752     4 1386  382  2  0 96  2  0
 1  1  67164 63584296   6708 693940    0    0  1668     0 1462  415  2  0 96  2  0
 1  1  67164 63582312   6708 693940    0    0  1724     4 1383  388  2  0 96  2  0
 1  1  67164 63580328   6708 693940    0    0  1700     0 1515  476  2  0 96  2  0
 1  1  67164 63578344   6708 693940    0    0  1744     0 1378  366  2  0 96  2  0
 1  1  67164 63576360   6708 693940    0    0  1740     0 1436  386  2  0 96  2  0
 1  1  67164 63573880   6708 693940    0    0  1820     0 1404  414  2  0 96  2  0
 1  1  67164 63571896   6708 693940    0    0  1776     0 1536  486  2  0 96  2  0
 1  1  67164 63569160   6708 693940    0    0  1820     4 1434  422  2  0 96  2  0
 1  1  67164 63567168   6708 693940    0    0  1700     0 1427  372  2  0 96  2  0
 1  1  67164 63564680   6708 693940    0    0  1748     0 1379  374  2  0 96  2  0
 1  1  67164 63562688   6708 693940    0    0  1836     0 1554  502  2  0 96  2  0
 1  1  67164 63560696   6708 693940    0    0  1724     0 1388  398  2  0 96  2  0
 1  1  67164 63558208   6708 693940    0    0  1720     0 1444  392  2  0 96  2  0
 1  1  67164 63556216   6708 693940    0    0  1748     4 1375  372  2  0 96  2  0
 1  1  67164 63553728   6708 693940    0    0  1796     0 1531  492  2  0 96  2  0
 1  1  67164 63551736   6708 693940    0    0  1832     0 1413  408  2  0 96  2  0
 1  1  67164 63549744   6708 693940    0    0  1692     0 1451  386  2  0 96  2  0
 1  1  67164 63547736   6708 693940    0    0  1848     0 1425  420  2  0 96  2  0
 1  1  67164 63545240   6708 693940    0    0  1736     0 1531  478  2  0 96  2  0
 1  1  67164 63543248   6708 693940    0    0  1668     8 1361  370  2  0 96  2  0
 1  1  67164 63541256   6708 693940    0    0  1816     0 1465  404  2  0 96  2  0
 1  1  67164 63538768   6708 693940    0    0  1820     0 1383  400  2  0 96  2  0
 1  1  67164 63536776   6708 693940    0    0  1768     0 1525  478  2  0 96  2  0
 1  1  67164 63534784   6708 693940    0    0  1776     0 1380  380  2  0 96  2  0
 1  1  67164 63532792   6708 693940    0    0  1772     0 1437  398  2  0 96  2  0
 1  1  67164 63530304   6708 693940    0    0  1800    12 1394  406  2  0 96  2  0
 1  1  67164 63528312   6708 693940    0    0  1688     0 1520  490  2  0 96  2  0
 1  1  67164 63526304   6708 693940    0    0  1684     0 1399  390  2  0 96  2  0
 1  1  67164 63524312   6708 693940    0    0  1848     9 1447  394  2  0 96  2  0
 1  1  67164 63522320   6708 693940    0    0  1704     0 1384  376  2  0 96  2  0
 1  1  67164 63520328   6708 693940    0    0  1668     0 1543  492  2  0 96  2  0
 2  1  67164 63516700   6708 693972    0    0  2000     4 1741  642  2  0 96  2  0
 1  1  67152 63511024   6708 693988    0    0  1828    27 4757 1638  2  1 95  2  0
 1  1  67152 63509536   6708 693988    0    0  1796     0 1382  382  2  0 96  2  0
 1  1  67152 63507056   6708 693988    0    0  1792     0 1553  517  2  0 96  2  0
 1  1  67152 63505072   6708 693988    0    0  1840     0 1462  460  2  0 96  2  0
 1  1  67152 63502592   6708 693988    0    0  1796    32 1473  430  2  0 96  2  0
 1  1  67152 63500584   6708 693988    0    0  1784     0 1450  454  2  0 96  2  0
 1  1  67152 63498592   6708 693988    0    0  1720     0 1555  526  2  0 96  2  0
 2  1  67152 63495052   6708 694640    0    0  2480     0 1490  478  2  0 96  2  0
 1  1  67152 63493060   6708 694640    0    0  1724     0 1511  463  2  0 96  2  0
 1  1  67152 63491068   6708 694640    0    0  1808     0 1400  403  2  0 96  2  0
 1  1  67152 63489076   6708 694640    0    0  1724     4 1522  484  2  0 96  2  0
 1  1  67152 63486588   6708 694640    0    0  1804     0 1399  399  2  0 96  2  0
 1  1  67152 63484596   6708 694640    0    0  1724     0 1455  425  2  0 96  2  0
 1  1  67152 63482604   6708 694640    0    0  1716     0 1382  386  2  0 96  2  0
 1  1  67152 63480612   6708 694640    0    0  1704     0 1524  482  2  0 96  2  0
 1  1  67152 63478604   6708 694640    0    0  1736     0 1449  431  2  0 96  2  0
 1  1  67152 63476612   6708 694640    0    0  1752     4 1574  662  2  0 96  2  0
 1  1  67152 63474124   6708 694640    0    0  1824     0 1392  398  2  0 96  2  0
 1  1  67152 63472132   6708 694640    0    0  1772     0 1612  569  2  0 96  2  0
 1  1  67152 63470140   6708 694640    0    0  1748     0 1458  450  2  0 96  2  0
 1  1  67152 63467644   6708 694640    0    0  1796     0 1473  458  2  0 96  2  0
 1  1  67152 63465592   6708 694640    0    0  1672     0 1687  574  2  0 96  2  0
 1  1  67152 63462908   6708 694640    0    0  1840     4 1956  748  2  0 96  2  0
 1  1  67152 63460780   6708 694640    0    0  1848     0 1713  622  2  0 96  2  0
 1  1  67152 63458620   6708 694640    0    0  1760     0 1574  490  2  0 96  2  0
 1  1  67152 63448196   6708 694640    0    0  1840     0 1750  650  2  0 96  2  0
 1  1  67152 63446204   6708 694640    0    0  1852    73 1598  592  2  0 96  2  0
 1  1  67152 63444212   6708 694640    0    0  1720     8 1397  410  2  0 96  2  0
 1  1  67152 63441724   6708 694640    0    0  1848     0 1489  452  2  0 96  2  0
 1  1  67152 63439732   6708 694640    0    0  1840     0 1482  500  2  0 96  2  0
 1  1  67152 63437244   6708 694640    0    0  1820     0 1663  638  2  0 96  2  0
 1  1  67152 63435252   6708 694640    0    0  1784     0 1407  408  2  0 96  2  0
 1  1  67152 63433260   6708 694640    0    0  1812     0 1471  422  2  0 96  2  0
 1  1  67152 63430276   6708 694640    0    0  1792     4 1448  470  2  0 96  2  0
 1  1  67152 63428284   6708 694640    0    0  1808     0 1567  532  2  0 96  2  0
 1  1  67152 63426276   6708 694640    0    0  1836     0 1466  452  2  0 96  2  0
 1  1  67152 63424284   6708 694640    0    0  1712     0 1452  426  2  0 96  2  0
 1  1  67152 63421788   6708 694640    0    0  1668     0 1417  424  2  0 96  2  0
 1  1  67152 63419796   6708 694640    0    0  1740     0 1600  544  2  0 96  2  0
 1  1  67152 63417804   6708 694640    0    0  1764     4 1434  448  2  0 96  2  0
 1  1  67152 63415812   6708 694640    0    0  1724     0 1437  396  2  0 96  2  0
 1  1  67152 63413820   6708 694640    0    0  1752     0 1427  434  2  0 96  2  0
 1  1  67152 63411332   6708 694640    0    0  1852     0 1586  556  2  0 96  2  0
 1  1  67152 63409340   6708 694640    0    0  1824     0 1428  444  2  0 96  2  0
 1  1  67152 63406852   6708 694640    0    0  1784     0 1531  502  2  0 96  2  0
 1  1  67152 63404968   6708 694640    0    0  1772     8 1567  546  2  0 96  2  0
