procs -----------memory---------- ---swap-- -----io---- -system-- ------cpu-----
 r  b   swpd   free   buff  cache   si   so    bi    bo   in   cs us sy id wa st
 0  1  67244 64132864   5096 642588    0    0    82   141    0    0  1  0 99  0  0
 1  0  67244 64105056   6656 648276    0    0  3794  2052 1239  583  2  0 98  0  0
 1  0  67244 64105056   6656 648276    0    0     0     5 1062   31  2  0 98  0  0
 1  0  67244 64105056   6656 648276    0    0     0     4 1123   84  2  0 98  0  0
 1  0  67244 64105056   6656 648276    0    0     0     0 1065   30  2  0 98  0  0
 1  0  67244 64105056   6656 648276    0    0     0     0 1104   72  2  0 98  0  0
 1  0  67244 64105056   6656 648276    0    0     0     2 1059   26  2  0 98  0  0
 1  0  67244 64105056   6656 648276    0    0     0     0 1117   81  2  0 98  0  0
 1  0  67244 64105056   6656 648276    0    0     0     0 1057   25  2  0 98  0  0
 1  0  67244 64105056   6656 648276    0    0     0     2 1115   79  2  0 98  0  0
 1  0  67244 64105056   6656 648276    0    0     0     0 1056   24  2  0 98  0  0
 1  0  67244 64105056   6656 648276    0    0     0     0 1107   73  2  0 98  0  0
 1  0  67244 64105056   6656 648276    0    0     0     2 1058   27  2  0 98  0  0
 1  0  67244 64105056   6656 648276    0    0     0     0 1106   73  2  0 98  0  0
 1  0  67244 64105056   6656 648276    0    0     0     0 1064   29  2  0 98  0  0
 1  0  67244 64105056   6656 648276    0    0     0     2 1108   74  2  0 98  0  0
 1  0  67244 64105056   6656 648276    0    0     0    34 1065   26  2  0 98  0  0
 1  0  67244 64105056   6656 648276    0    0     0    24 1136  107  2  0 98  0  0
 1  0  67244 64105056   6656 648276    0    0     0     4 1101   69  2  0 98  0  0
 1  0  67244 64105056   6656 648276    0    0     0     0 1156  118  2  0 98  0  0
 1  0  67244 64105056   6656 648276    0    0     0     0 1097   65  2  0 98  0  0
 1  0  67244 64105056   6656 648276    0    0     0     2 1150  116  2  0 98  0  0
 1  0  67244 64102760   6656 648276    0    0     0     0 1102   65  2  0 98  0  0
 1  0  67244 64102760   6656 648276    0    0     0     0 1144  113  2  0 98  0  0
 1  0  67244 64102760   6656 648276    0    0     0     2 1108   71  2  0 98  0  0
 1  0  67244 64102760   6656 648276    0    0     0     0 1150  112  2  0 98  0  0
 1  0  67244 64102760   6656 648276    0    0     0     0 1097   65  2  0 98  0  0
 1  0  67244 64102824   6656 648276    0    0     0     2 1151  115  2  0 98  0  0
 1  0  67244 64102824   6656 648276    0    0     0     0 1098   65  2  0 98  0  0
 1  0  67244 64102824   6656 648276    0    0     0     0 1153  117  2  0 98  0  0
 1  0  67244 64102824   6656 648276    0    0     0     2 1099   66  2  0 98  0  0
 1  0  67244 64102824   6656 648276    0    0     0     0 1145  113  2  0 98  0  0
 1  0  67244 64102824   6656 648276    0    0     0    13 1104   74  2  0 98  0  0
 1  0  67244 64102844   6656 648988    0    0     0     8 1234  135  2  0 98  0  0
 1  0  67244 64102968   6656 648988    0    0     0     0 1111   78  2  0 98  0  0
 1  0  67244 64102968   6656 648988    0    0     0     0 1147  111  2  0 98  0  0
 1  0  67244 64102968   6656 648988    0    0     0     2 1102   67  2  0 98  0  0
 1  0  67244 64102968   6656 648988    0    0     0     0 1158  121  2  0 98  0  0
 1  0  67244 64102968   6656 648988    0    0     0     0 1097   63  2  0 98  0  0
 1  0  67244 64102968   6656 648988    0    0     0     2 1157  118  2  0 98  0  0
 1  0  67244 64102968   6656 648988    0    0     0     0 1097   63  2  0 98  0  0
 1  0  67244 64102968   6656 648988    0    0     0     0 1146  111  2  0 98  0  0
 1  0  67244 64102968   6656 648988    0    0     0     2 1116   78  2  0 98  0  0
 1  0  67244 64102968   6656 648988    0    0     0     0 1147  111  2  0 98  0  0
 1  0  67244 64102968   6656 648988    0    0     0     0 1107   68  2  0 98  0  0
 1  0  67244 64102968   6656 648988    0    0     0     2 1155  113  2  0 98  0  0
 1  0  67244 64102968   6656 648988    0    0     0     0 1103   63  2  0 98  0  0
 1  0  67244 64102968   6656 648988    0    0     0     1 1148  117  2  0 98  0  0
 1  0  67244 64102968   6656 648988    0    0     0     4 1104   68  2  0 98  0  0
 1  0  67244 64102968   6656 648988    0    0     0     0 1155  117  2  0 98  0  0
 1  0  67244 64102968   6656 648988    0    0     0     0 1101   65  2  0 98  0  0
 1  0  67244 64102968   6656 648988    0    0     0     2 1149  113  2  0 98  0  0
 1  0  67244 64102968   6656 648988    0    0     0     0 1099   64  2  0 98  0  0
 1  0  67244 64102968   6656 648988    0    0     0     0 1145  111  2  0 98  0  0
 1  0  67244 64102968   6656 648988    0    0     0     2 1110   70  2  0 98  0  0
 1  0  67244 64102968   6656 648988    0    0     0     0 1147  111  2  0 98  0  0
 1  0  67244 64102968   6656 648988    0    0     0     0 1097   64  2  0 98  0  0
 1  0  67244 64102968   6656 648988    0    0     0     2 1150  114  2  0 98  0  0
 1  0  67244 64102968   6656 648988    0    0     0     0 1097   63  2  0 98  0  0
 1  0  67244 64102968   6656 648988    0    0     0     0 1157  116  2  0 98  0  0
 1  0  67244 64102968   6656 648988    0    0     0     2 1100   65  2  0 98  0  0
 1  0  67244 64102968   6656 648988    0    0     0     0 1146  111  2  0 98  0  0
 1  0  67244 64102968   6656 648988    0    0     0     4 1101   69  2  0 98  0  0
 1  0  67244 64102968   6656 648988    0    0     0     2 1160  121  2  0 98  0  0
 1  0  67244 64102968   6656 648988    0    0     0     0 1108   69  2  0 98  0  0
 1  0  67244 64102968   6656 648988    0    0     0     0 1147  110  2  0 98  0  0
 1  0  67244 64102968   6656 648988    0    0     0     2 1100   66  2  0 98  0  0
 1  0  67244 64102968   6656 648988    0    0     0     0 1160  119  2  0 98  0  0
 1  0  67244 64102968   6656 648988    0    0     0     0 1101   63  2  0 98  0  0
 1  0  67244 64102968   6656 648988    0    0     0     2 1156  118  2  0 98  0  0
 1  0  67244 64102968   6656 648988    0    0     0     0 1098   63  2  0 98  0  0
 1  0  67244 64102968   6656 648988    0    0     0     0 1145  110  2  0 98  0  0
 1  0  67244 64102968   6656 648988    0    0     0     2 1104   67  2  0 98  0  0
 1  0  67244 64102968   6656 648988    0    0     0     0 1144  110  2  0 98  0  0
 1  0  67244 64102968   6656 648988    0    0     0     0 1106   68  2  0 98  0  0
 1  0  67244 64102968   6656 648988    0    0     0     2 1148  113  2  0 98  0  0
 1  0  67244 64102968   6656 648988    0    0     0     0 1099   63  2  0 98  0  0
 1  0  67244 64102968   6656 648988    0    0     0     5 1152  119  2  0 98  0  0
 1  0  67244 64102968   6656 648988    0    0     0     2 1103   68  2  0 98  0  0
 1  0  67244 64102968   6656 648988    0    0     0     0 1157  117  2  0 98  0  0
 1  0  67244 64102968   6656 648988    0    0     0     0 1098   64  2  0 98  0  0
 1  0  67244 64102968   6656 648988    0    0     0     2 1151  114  2  0 98  0  0
 1  0  67244 64102968   6656 648988    0    0     0     0 1106   71  2  0 98  0  0
 1  0  67244 64102968   6656 648988    0    0     0     0 1145  110  2  0 98  0  0
 1  0  67244 64102968   6656 648988    0    0     0     2 1110   71  2  0 98  0  0
 1  0  67244 64102968   6656 648988    0    0     0     0 1146  110  2  0 98  0  0
 1  0  67244 64102968   6656 648988    0    0     0     0 1099   63  2  0 98  0  0
 1  0  67244 64102968   6656 648988    0    0     0     2 1150  114  2  0 98  0  0
 1  0  67244 64102968   6656 648988    0    0     0     0 1099   65  2  0 98  0  0
 1  0  67244 64102968   6656 648988    0    0     0     0 1164  115  2  0 98  0  0
 1  0  67244 64102968   6656 648988    0    0     0     2 1102   66  2  0 98  0  0
 1  0  67244 64102968   6656 648988    0    0     0     0 1146  110  2  0 98  0  0
 1  0  67244 64102968   6656 648988    0    0     0     1 1102   69  2  0 98  0  0
 1  0  67244 64102968   6656 648988    0    0     0     2 1159  121  2  0 98  0  0
 1  0  67244 64102968   6656 648988    0    0     0     0 1111   70  2  0 98  0  0
 1  0  67244 64102968   6656 648988    0    0     0     0 1145  110  2  0 98  0  0
 1  0  67244 64102968   6656 648988    0    0     0     2 1102   66  2  0 98  0  0
 1  0  67244 64102968   6656 648988    0    0     0     0 1156  119  2  0 98  0  0
 1  0  67244 64102968   6656 648988    0    0     0     0 1098   63  2  0 98  0  0
 1  0  67244 64102968   6656 648988    0    0     0     4 1158  119  2  0 98  0  0
 1  0  67244 64102968   6656 648988    0    0     0     0 1121   77  2  0 98  0  0
 1  0  67244 64102968   6656 648988    0    0     0     0 1145  110  2  0 98  0  0
 1  0  67244 64102968   6656 648988    0    0     0     2 1103   67  2  0 98  0  0
 1  0  67244 64102968   6656 648988    0    0     0     0 1146  110  2  0 98  0  0
 1  0  67244 64102968   6656 648988    0    0     0     0 1106   68  2  0 98  0  0
 1  0  67244 64102968   6656 648988    0    0     0     2 1149  113  2  0 98  0  0
 1  0  67244 64102968   6656 648988    0    0     0     0 1098   63  2  0 98  0  0
 1  0  67244 64102968   6656 648988    0    0     0     4 1149  116  2  0 98  0  0
 1  0  67244 64102968   6656 648988    0    0     0     2 1103   68  2  0 98  0  0
 1  0  67244 64102968   6656 648988    0    0     0     0 1156  116  2  0 98  0  0
 1  0  67244 64102968   6656 648988    0    0     0     0 1099   64  2  0 98  0  0
 1  0  67244 64102968   6656 648988    0    0     0     2 1157  113  2  0 98  0  0
 1  0  67244 64102968   6656 648988    0    0     0     0 1099   64  2  0 98  0  0
 1  0  67244 64102968   6656 648988    0    0     0     0 1145  110  2  0 98  0  0
 1  0  67244 64102968   6656 648988    0    0     0     2 1111   72  2  0 98  0  0
 1  0  67244 64102968   6656 648988    0    0     0     0 1145  110  2  0 98  0  0
 1  0  67244 64102968   6656 648988    0    0     0     0 1101   64  2  0 98  0  0
 1  0  67244 64102968   6656 648988    0    0     0     2 1148  114  2  0 98  0  0
 1  0  67244 64102968   6656 648988    0    0     0     0 1098   63  2  0 98  0  0
 1  0  67244 64102968   6656 648988    0    0     0     0 1153  115  2  0 98  0  0
 1  0  67244 64102968   6656 648988    0    0     0     2 1101   66  2  0 98  0  0
 1  0  67244 64102968   6656 648988    0    0     0     0 1146  110  2  0 98  0  0
 1  0  67244 64102968   6656 648988    0    0     0     5 1102   70  2  0 98  0  0
 1  0  67244 64102968   6656 648988    0    0     0     2 1151  115  2  0 98  0  0
 1  0  67244 64102968   6656 648988    0    0     0     0 1107   69  2  0 98  0  0
 1  0  67244 64102968   6656 648988    0    0     0     0 1144  111  2  0 98  0  0
 1  0  67244 64102968   6656 648988    0    0     0     2 1099   67  2  0 98  0  0
 1  0  67244 64102968   6656 648988    0    0     0     0 1154  120  2  0 98  0  0
 1  0  67244 64102968   6656 648988    0    0     0     0 1095   64  2  0 98  0  0
 1  0  67244 64102968   6656 648988    0    0     0     2 1154  119  2  0 98  0  0
 1  0  67244 64102968   6656 648988    0    0     0     0 1096   64  2  0 98  0  0
 1  0  67244 64102968   6656 648988    0    0     0     0 1147  111  2  0 98  0  0
 1  0  67244 64102968   6656 648988    0    0     0     2 1103   68  2  0 98  0  0
 1  0  67244 64102968   6656 648988    0    0     0     0 1142  110  2  0 98  0  0
 1  0  67244 64102968   6656 648988    0    0     0     0 1104   68  2  0 98  0  0
 1  0  67244 64102968   6656 648988    0    0     0     2 1147  115  2  0 98  0  0
 1  0  67244 64102968   6656 648988    0    0     0     0 1095   63  2  0 98  0  0
 1  0  67244 64102968   6656 648988    0    0     0     1 1149  120  2  0 98  0  0
 1  0  67244 64102968   6656 648988    0    0     0     2 1102   68  2  0 98  0  0
 1  0  67244 64102968   6656 648988    0    0     0     0 1153  118  2  0 98  0  0
 1  0  67244 64102968   6656 648988    0    0     0     0 1097   64  2  0 98  0  0
 1  0  67244 64102968   6656 648988    0    0     0     2 1146  115  2  0 98  0  0
 1  0  67244 64102968   6656 648988    0    0     0     0 1097   65  2  0 98  0  0
 1  0  67244 64102968   6656 648988    0    0     0     0 1144  112  2  0 98  0  0
 1  0  67244 64102968   6656 648988    0    0     0     2 1107   71  2  0 98  0  0
 1  0  67244 64102968   6656 648988    0    0     0     0 1145  112  2  0 98  0  0
 1  0  67244 64102968   6656 648988    0    0     0     0 1096   63  2  0 98  0  0
 1  0  67244 64102968   6656 648988    0    0     0     4 1149  117  2  0 98  0  0
 1  0  67244 64102968   6656 648988    0    0     0     0 1096   63  2  0 98  0  0
 1  0  67244 64102968   6656 648988    0    0     0     0 1151  117  2  0 98  0  0
