procs -----------memory---------- ---swap-- -----io---- -system-- ------cpu-----
 r  b   swpd   free   buff  cache   si   so    bi    bo   in   cs us sy id wa st
 0  1  67432 64118024   5132 642272    0    0    82   141    0    0  0  0 99  0  0
 1  0  67432 64088212   6708 648308    0    0  3754  2052 1206  542  2  0 98  0  0
 1  0  67432 64088212   6708 648308    0    0     0     0 1102   70  2  0 98  0  0
 1  0  67432 64088212   6708 648308    0    0     0     4 1071   35  2  0 98  0  0
 1  0  67432 64088212   6708 648308    0    0     0     0 1104   70  2  0 98  0  0
 1  0  67432 64088212   6708 648308    0    0     0     0 1066   31  2  0 98  0  0
 1  0  67432 64088212   6708 648308    0    0     0     7 1124   85  2  0 98  0  0
 1  0  67432 64088212   6708 648308    0    0     0     0 1061   27  2  0 98  0  0
 1  0  67432 64088212   6708 648308    0    0     0     0 1114   78  2  0 98  0  0
 1  0  67432 64088212   6708 648308    0    0     0     2 1061   26  2  0 98  0  0
 1  0  67432 64088212   6708 648308    0    0     0     0 1101   70  2  0 98  0  0
 1  0  67432 64088212   6708 648308    0    0     0     0 1059   24  2  0 98  0  0
 1  0  67432 64088212   6708 648308    0    0     0     2 1104   73  2  0 98  0  0
 1  0  67432 64088212   6708 648308    0    0     0     0 1071   31  2  0 98  0  0
 1  0  67432 64088212   6708 648308    0    0     0     0 1102   70  2  0 98  0  0
 1  0  67432 64088212   6708 648308    0    0     0     2 1059   26  2  0 98  0  0
 1  0  67432 64088212   6708 648308    0    0     0    34 1110   71  2  0 98  0  0
 1  0  67432 64088212   6708 648308    0    0     0     0 1057   23  2  0 98  0  0
 1  0  67432 64088212   6708 648308    0    0     0     4 1119   81  2  0 98  0  0
 1  0  67432 64088212   6708 648308    0    0     0     0 1057   23  2  0 98  0  0
 1  0  67432 64088212   6708 648308    0    0     0     0 1105   70  2  0 98  0  0
 1  0  67432 64088212   6708 648308    0    0     0    27 1083   50  2  0 98  0  0
 1  0  67432 64088212   6708 648308    0    0     0     0 1147  112  2  0 98  0  0
 1  0  67432 64087152   6708 648308    0    0     0     0 1115   71  2  0 98  0  0
 1  0  67432 64087152   6708 648308    0    0     0     2 1146  114  2  0 98  0  0
 1  0  67432 64087152   6708 648308    0    0     0     0 1096   63  2  0 98  0  0
 1  0  67432 64087152   6708 648308    0    0     0     0 1145  111  2  0 98  0  0
 1  0  67432 64087152   6708 648308    0    0     0     2 1099   66  2  0 98  0  0
 1  0  67432 64087220   6708 648308    0    0     0     0 1158  117  2  0 98  0  0
 1  0  67432 64087220   6708 648308    0    0     0     0 1096   63  2  0 98  0  0
 1  0  67432 64087220   6708 648308    0    0     0     2 1144  113  2  0 98  0  0
 1  0  67432 64087220   6708 648308    0    0     0     0 1099   64  2  0 98  0  0
 1  0  67432 64087220   6708 648308    0    0     0     0 1141  110  2  0 98  0  0
 1  0  67432 64087220   6708 648308    0    0     0     8 1114   73  2  0 98  0  0
 1  0  67432 64087220   6708 648308    0    0     0     0 1141  110  2  0 98  0  0
 1  0  67432 64087220   6708 648308    0    0     0     0 1106   70  2  0 98  0  0
 1  0  67432 64087220   6708 648308    0    0     0     3 1145  117  2  0 98  0  0
 1  0  67432 64087220   6708 648308    0    0     0     0 1099   65  2  0 98  0  0
 1  0  67432 64087220   6708 648308    0    0     0     0 1153  117  2  0 98  0  0
 1  0  67432 64087220   6708 648308    0    0     0     2 1100   66  2  0 98  0  0
 1  0  67432 64087220   6708 648308    0    0     0     0 1141  110  2  0 98  0  0
 1  0  67432 64087220   6708 648308    0    0     0     0 1098   63  2  0 98  0  0
 1  0  67432 64087220   6708 648308    0    0     0     2 1146  113  2  0 98  0  0
 1  0  67432 64087220   6708 648308    0    0     0     0 1114   69  2  0 98  0  0
 1  0  67432 64087220   6708 648308    0    0     0     0 1143  110  2  0 98  0  0
 1  0  67432 64087220   6708 648308    0    0     0     2 1098   66  2  0 98  0  0
 1  0  67432 64087220   6708 648308    0    0     0     0 1142  110  2  0 98  0  0
 1  0  67432 64087220   6708 648308    0    0     0     0 1096   63  2  0 98  0  0
 1  0  67432 64087220   6708 648308    0    0     0     4 1158  120  2  0 98  0  0
 1  0  67432 64087220   6708 648308    0    0     0     0 1097   64  2  0 98  0  0
 1  0  67432 64087220   6708 648308    0    0     0     0 1141  110  2  0 98  0  0
 1  0  67432 64087220   6708 648308    0    0     0     6 1102   72  2  0 98  0  0
 1  0  67432 64087220   6708 648308    0    0     0     0 1144  112  2  0 98  0  0
 1  0  67432 64087220   6708 648308    0    0     0     0 1109   70  2  0 98  0  0
 1  0  67432 64087220   6708 648308    0    0     0     2 1145  114  2  0 98  0  0
 1  0  67432 64087220   6708 648308    0    0     0     0 1097   63  2  0 98  0  0
 1  0  67432 64087220   6708 648308    0    0     0     0 1140  110  2  0 98  0  0
 1  0  67432 64087220   6708 648308    0    0     0     2 1100   66  2  0 98  0  0
 1  0  67432 64087220   6708 648308    0    0     0     0 1152  116  2  0 98  0  0
 1  0  67432 64087220   6708 648308    0    0     0     0 1097   62  2  0 98  0  0
 1  0  67432 64087220   6708 648308    0    0     0     2 1143  114  2  0 98  0  0
 1  0  67432 64087220   6708 648308    0    0     0     0 1097   63  2  0 98  0  0
 1  0  67432 64087220   6708 648308    0    0     0     0 1142  110  2  0 98  0  0
 1  0  67432 64087220   6708 648308    0    0     0     2 1111   72  2  0 98  0  0
 1  0  67432 64087220   6708 648308    0    0     0     0 1143  111  2  0 98  0  0
 1  0  67432 64087220   6708 648308    0    0     0     0 1108   69  2  0 98  0  0
 1  0  67432 64087220   6708 648308    0    0     0     7 1165  128  2  0 98  0  0
 1  0  67432 64087220   6708 648308    0    0     0     0 1100   66  2  0 98  0  0
 1  0  67432 64087220   6708 648308    0    0     0     0 1155  118  2  0 98  0  0
 1  0  67432 64087220   6708 648308    0    0     0     2 1099   67  2  0 98  0  0
 1  0  67432 64087220   6708 648308    0    0     0     0 1145  111  2  0 98  0  0
 1  0  67432 64087220   6708 648308    0    0     0     0 1095   62  2  0 98  0  0
 1  0  67432 64087220   6708 648308    0    0     0     2 1145  114  2  0 98  0  0
 1  0  67432 64087220   6708 648308    0    0     0     0 1107   69  2  0 98  0  0
 1  0  67432 64087220   6708 648308    0    0     0     0 1143  110  2  0 98  0  0
 1  0  67432 64087220   6708 648308    0    0     0     2 1099   66  2  0 98  0  0
 1  0  67432 64087220   6708 648308    0    0     0     0 1142  111  2  0 98  0  0
 1  0  67432 64087220   6708 648308    0    0     0     0 1097   62  2  0 98  0  0
 1  0  67432 64087220   6708 648308    0    0     0     2 1156  120  2  0 98  0  0
 1  0  67432 64087220   6708 648308    0    0     0     0 1098   63  2  0 98  0  0
 1  0  67432 64087220   6708 648308    0    0     0     0 1140  110  2  0 98  0  0
 1  0  67432 64087220   6708 648308    0    0     0     3 1109   78  2  0 98  0  0
 1  0  67432 64087220   6708 648308    0    0     0     0 1144  113  2  0 98  0  0
 1  0  67432 64087220   6708 648308    0    0     0     0 1109   69  2  0 98  0  0
 1  0  67432 64087220   6708 648308    0    0     0     2 1151  115  2  0 98  0  0
 1  0  67432 64087220   6708 648308    0    0     0     0 1106   63  2  0 98  0  0
 1  0  67432 64087220   6708 648308    0    0     0     0 1143  110  2  0 98  0  0
 1  0  67432 64087220   6708 648308    0    0     0     2 1100   66  2  0 98  0  0
 1  0  67432 64087220   6708 648308    0    0     0     0 1154  117  2  0 98  0  0
 1  0  67432 64087220   6708 648308    0    0     0     0 1097   62  2  0 98  0  0
 1  0  67432 64087220   6708 648308    0    0     0     2 1144  114  2  0 98  0  0
 1  0  67432 64087220   6708 648308    0    0     0     0 1097   63  2  0 98  0  0
 1  0  67432 64087220   6708 648308    0    0     0     0 1143  110  2  0 98  0  0
 1  0  67432 64087220   6708 648308    0    0     0     2 1110   72  2  0 98  0  0
 1  0  67432 64087220   6708 648308    0    0     0     0 1143  111  2  0 98  0  0
 1  0  67432 64087220   6708 648308    0    0     0     0 1103   69  2  0 98  0  0
 1  0  67432 64087220   6708 648308    0    0     0     3 1147  118  2  0 98  0  0
 1  0  67432 64088500   6708 649492    0    0     0     0 1177   91  2  0 98  0  0
 1  0  67432 64088500   6708 649492    0    0     0     0 1154  119  2  0 98  0  0
 1  0  67432 64088500   6708 649492    0    0     0     4 1100   67  2  0 98  0  0
 1  0  67432 64088500   6708 649492    0    0     0     0 1152  118  2  0 98  0  0
 1  0  67432 64088500   6708 649492    0    0     0     0 1096   62  2  0 98  0  0
 1  0  67432 64088500   6708 649492    0    0     0     2 1145  114  2  0 98  0  0
 1  0  67432 64088500   6708 649492    0    0     0     0 1106   68  2  0 98  0  0
 1  0  67432 64088500   6708 649492    0    0     0     0 1143  111  2  0 98  0  0
 1  0  67432 64088500   6708 649492    0    0     0     2 1109   74  2  0 98  0  0
 1  0  67432 64088500   6708 649492    0    0     0     0 1145  111  2  0 98  0  0
 1  0  67432 64088500   6708 649492    0    0     0     0 1102   62  2  0 98  0  0
 1  0  67432 64088500   6708 649492    0    0     0     2 1158  120  2  0 98  0  0
 1  0  67432 64088500   6708 649492    0    0     0     0 1097   62  2  0 98  0  0
 1  0  67432 64088500   6708 649492    0    0     0     0 1142  111  2  0 98  0  0
 1  0  67432 64088500   6708 649492    0    0     0     6 1102   71  2  0 98  0  0
 1  0  67432 64088500   6708 649492    0    0     0     0 1143  113  2  0 98  0  0
 1  0  67432 64088500   6708 649492    0    0     0     0 1107   68  2  0 98  0  0
 1  0  67432 64088500   6708 649492    0    0     0     2 1159  125  2  0 98  0  0
 1  0  67432 64088500   6708 649492    0    0     0     0 1096   62  2  0 98  0  0
 1  0  67432 64088500   6708 649492    0    0     0     0 1143  112  2  0 98  0  0
 1  0  67432 64088500   6708 649492    0    0     0     2 1100   66  2  0 98  0  0
 1  0  67432 64088500   6708 649492    0    0     0     0 1154  117  2  0 98  0  0
 1  0  67432 64088500   6708 649492    0    0     0     0 1103   67  2  0 98  0  0
 1  0  67432 64088500   6708 649492    0    0     0     2 1145  114  2  0 98  0  0
 1  0  67432 64088500   6708 649492    0    0     0     0 1098   64  2  0 98  0  0
 1  0  67432 64088500   6708 649492    0    0     0     0 1143  111  2  0 98  0  0
 1  0  67432 64088500   6708 649492    0    0     0     2 1110   72  2  0 98  0  0
 1  0  67432 64088500   6708 649492    0    0     0     0 1144  112  2  0 98  0  0
 1  0  67432 64088500   6708 649492    0    0     0     0 1105   70  2  0 98  0  0
 1  0  67432 64088500   6708 649492    0    0     0     2 1155  120  2  0 98  0  0
 1  0  67432 64088500   6708 649492    0    0     0     5 1104   72  2  0 98  0  0
 1  0  67432 64088500   6708 649492    0    0     0     0 1161  118  2  0 98  0  0
 1  0  67432 64088500   6708 649492    0    0     0     2 1104   66  2  0 98  0  0
 1  0  67432 64088500   6708 649492    0    0     0     0 1142  111  2  0 98  0  0
 1  0  67432 64088500   6708 649492    0    0     0     0 1097   63  2  0 98  0  0
 1  0  67432 64088500   6708 649492    0    0     0     2 1147  117  2  0 98  0  0
 1  0  67432 64088500   6708 649492    0    0     0     0 1107   68  2  0 98  0  0
 1  0  67432 64088500   6708 649492    0    0     0     0 1142  111  2  0 98  0  0
 1  0  67432 64088500   6708 649492    0    0     0     2 1098   65  2  0 98  0  0
 1  0  67432 64088500   6708 649492    0    0     0     0 1144  111  2  0 98  0  0
 1  0  67432 64088500   6708 649492    0    0     0     0 1097   63  2  0 98  0  0
 1  0  67432 64088500   6708 649492    0    0     0     2 1155  120  2  0 98  0  0
 1  0  67432 64088500   6708 649492    0    0     0     0 1097   62  2  0 98  0  0
 1  0  67432 64088500   6708 649492    0    0     0     0 1141  112  2  0 98  0  0
 1  0  67432 64088500   6708 649492    0    0     0     2 1100   65  2  0 98  0  0
 1  0  67432 64088500   6708 649492    0    0     0     1 1142  114  2  0 98  0  0
 1  0  67432 64088500   6708 649492    0    0     0     0 1109   68  2  0 98  0  0
 1  0  67432 64088500   6708 649492    0    0     0     2 1148  116  2  0 98  0  0
 1  0  67432 64088500   6708 649492    0    0     0     0 1095   62  2  0 98  0  0
 1  0  67432 64088500   6708 649492    0    0     0     0 1142  111  2  0 98  0  0
 1  0  67432 64088500   6708 649492    0    0     0     4 1099   66  2  0 98  0  0
 1  0  67432 64088500   6708 649492    0    0     0     0 1154  117  2  0 98  0  0
 1  0  67432 64088500   6708 649492    0    0     0     0 1095   62  2  0 98  0  0
