procs -----------memory---------- ---swap-- -----io---- -system-- ------cpu-----
 r  b   swpd   free   buff  cache   si   so    bi    bo   in   cs us sy id wa st
 1  0  68160 64038404   6792 733144    0    0    83   144    0    0  0  0 99  0  0
 1  0  68160 64017940   6796 733068    0    0     4  4104 1212  186  2  0 98  0  0
 1  0  68160 64017940   6796 733068    0    0     0     0 1092   72  2  0 98  0  0
 1  0  68160 64017940   6796 733068    0    0     0     0 1209  164  2  0 98  0  0
 1  0  68160 64017940   6796 733068    0    0     0     0 1091   74  2  0 98  0  0
 1  0  68160 64017940   6796 733068    0    0     0    28 1132   84  2  0 98  0  0
 1  0  68160 64017940   6796 733068    0    0     0     0 1093   76  2  0 98  0  0
 1  0  68160 64017940   6796 733068    0    0    16   310 1261  220  2  0 98  0  0
 1  0  68160 64017940   6796 733068    0    0     0     0 1099   75  2  0 98  0  0
 1  0  68160 64017940   6796 733068    0    0     0     0 1117   68  2  0 98  0  0
 1  0  68160 64017940   6796 733068    0    0     0    16 1125   94  2  0 98  0  0
 1  0  68160 64017940   6796 733068    0    0     0     0 1218  168  2  0 98  0  0
 1  0  68160 64017940   6796 733068    0    0     0     0 1088   71  2  0 98  0  0
 1  0  68160 64017940   6796 733068    0    0     0     0 1123   70  2  0 98  0  0
 1  0  68160 64017940   6796 733068    0    0     0     0 1087   70  2  0 98  0  0
 1  0  68160 64017940   6796 733068    0    0     0    16 1221  170  2  0 98  0  0
 1  0  68160 64017940   6796 733068    0    0     0     0 1095   75  2  0 98  0  0
 1  0  68160 64017940   6796 733068    0    0     0     0 1118   70  2  0 98  0  0
 1  0  68160 64017940   6796 733068    0    0     0     0 1090   70  2  0 98  0  0
 1  0  68160 64017940   6796 733068    0    0     0     0 1208  164  2  0 98  0  0
 1  0  68160 64017940   6796 733068    0    0     0     0 1120   89  2  0 98  0  0
 1  0  68160 64017940   6796 733068    0    0     0    16 1125   74  2  0 98  0  0
 1  0  68160 64017940   6796 733068    0    0     0     0 1086   70  2  0 98  0  0
 1  0  68160 64017940   6796 733068    0    0     0     0 1215  164  2  0 98  0  0
 1  0  68160 64017940   6796 733068    0    0     0     0 1086   71  2  0 98  0  0
 1  0  68160 64017940   6796 733068    0    0     0     0 1123   70  2  0 98  0  0
 1  0  68160 64015644   6796 733068    0    0     0    16 1107   80  2  0 98  0  0
 1  0  68160 64015644   6796 733068    0    0     0     0 1221  164  2  0 98  0  0
 1  0  68160 64015644   6796 733068    0    0     0     0 1094   71  2  0 98  0  0
 1  0  68160 64015644   6796 733068    0    0     0     0 1117   68  2  0 98  0  0
 1  0  68160 64015644   6796 733068    0    0     0     0 1114   84  2  0 98  0  0
 1  0  68160 64015644   6796 733068    0    0     0    96 1250  172  2  0 98  0  0
 1  0  68160 64015644   6796 733068    0    0     0     0 1092   73  2  0 98  0  0
 1  0  68160 64015644   6796 733068    0    0     0     0 1118   68  2  0 98  0  0
 1  0  68160 64015644   6796 733068    0    0     0     0 1090   72  2  0 98  0  0
 1  0  68160 64015644   6796 733068    0    0     0     0 1232  182  2  0 98  0  0
 1  0  68160 64015636   6796 733068    0    0     0    20 1113   81  2  0 98  0  0
 1  0  68160 64015636   6796 733068    0    0    16   173 1154  112  2  0 98  0  0
 1  0  68160 64015636   6796 733068    0    0     0     0 1097   76  2  0 98  0  0
 1  0  68160 64015636   6796 733068    0    0     0     0 1210  164  2  0 98  0  0
 1  0  68160 64015636   6796 733068    0    0     0     0 1123   91  2  0 98  0  0
 1  0  68160 64015636   6796 733068    0    0     0     0 1122   72  2  0 98  0  0
 1  0  68160 64015636   6796 733068    0    0     0    16 1092   76  2  0 98  0  0
 1  0  68160 64015636   6796 733068    0    0     0     0 1218  164  2  0 98  0  0
 1  0  68160 64015636   6796 733068    0    0     0     0 1086   71  2  0 98  0  0
 1  0  68160 64015636   6796 733068    0    0     0     0 1117   68  2  0 98  0  0
 1  0  68160 64015636   6796 733068    0    0     0     0 1093   74  2  0 98  0  0
 1  0  68160 64015636   6796 733068    0    0     0    16 1216  168  2  0 98  0  0
 1  0  68160 64015636   6796 733068    0    0     0     0 1090   71  2  0 98  0  0
 1  0  68160 64015636   6796 733068    0    0     0     0 1117   68  2  0 98  0  0
 1  0  68160 64015636   6796 733068    0    0     0     0 1109   82  2  0 98  0  0
 1  0  68160 64015636   6796 733068    0    0     0     0 1218  168  2  0 98  0  0
 1  0  68160 64015636   6796 733068    0    0     0    16 1094   77  2  0 98  0  0
 1  0  68160 64015636   6796 733068    0    0     0     0 1121   68  2  0 98  0  0
 1  0  68160 64015636   6796 733068    0    0     0     0 1088   74  2  0 98  0  0
 1  0  68160 64015636   6796 733068    0    0     0     0 1215  164  2  0 98  0  0
 1  0  68160 64015636   6796 733068    0    0     0     0 1093   75  2  0 98  0  0
 1  0  68160 64015636   6796 733068    0    0     0    16 1127   72  2  0 98  0  0
 1  0  68160 64015636   6796 733068    0    0     0     0 1089   70  2  0 98  0  0
 1  0  68160 64015636   6796 733068    0    0     0     0 1212  164  2  0 98  0  0
 1  0  68160 64015636   6796 733068    0    0     0     0 1114   85  2  0 98  0  0
 1  0  68160 64015636   6796 733068    0    0     0     0 1122   70  2  0 98  0  0
 1  0  68160 64015636   6796 733068    0    0     0     0 1090   74  2  0 98  0  0
 1  0  68160 64015636   6796 733068    0    0     0    16 1218  168  2  0 98  0  0
 1  0  68160 64015636   6796 733068    0    0     0     0 1089   71  2  0 98  0  0
 1  0  68160 64015636   6796 733068    0    0     0     0 1115   68  2  0 98  0  0
 1  0  68160 64015636   6796 733068    0    0     0    12 1103   76  2  0 98  0  0
 1  0  68160 64015636   6796 733068    0    0     0    10 1224  186  2  0 98  0  0
 1  0  68160 64015636   6796 733068    0    0     0    16 1102   83  2  0 98  0  0
 1  0  68160 64015636   6796 733068    0    0     0     0 1120   68  2  0 98  0  0
 1  0  68160 64015636   6796 733068    0    0     0     0 1108   82  2  0 98  0  0
 1  0  68160 64015636   6796 733068    0    0     0     0 1230  168  2  0 98  0  0
 1  0  68160 64015636   6796 733068    0    0     0     0 1089   71  2  0 98  0  0
 1  0  68160 64015636   6796 733068    0    0     0    16 1125   72  2  0 98  0  0
 1  0  68160 64015636   6796 733068    0    0     0     0 1089   70  2  0 98  0  0
 1  0  68160 64015636   6796 733068    0    0     0     0 1210  164  2  0 98  0  0
 1  0  68160 64015636   6796 733068    0    0     0     0 1095   73  2  0 98  0  0
 1  0  68160 64015636   6796 733068    0    0     0     0 1116   68  2  0 98  0  0
 1  0  68160 64015636   6796 733068    0    0     0    20 1101   76  2  0 98  0  0
 1  0  68160 64015636   6796 733068    0    0     0     0 1212  166  2  0 98  0  0
 1  0  68160 64015636   6796 733068    0    0     0     0 1110   83  2  0 98  0  0
 1  0  68160 64015636   6796 733068    0    0     0     0 1123   68  2  0 98  0  0
 1  0  68160 64015636   6796 733068    0    0     0     0 1086   70  2  0 98  0  0
 1  0  68160 64015636   6796 733068    0    0     0     0 1213  166  2  0 98  0  0
 1  0  68160 64015636   6796 733068    0    0     0    16 1097   75  2  0 98  0  0
 1  0  68160 64015636   6796 733068    0    0     0     0 1118   70  2  0 98  0  0
 1  0  68160 64015636   6796 733068    0    0     0     0 1119   86  2  0 98  0  0
 1  0  68160 64015636   6796 733068    0    0     0     0 1211  164  2  0 98  0  0
 1  0  68160 64015636   6796 733068    0    0     0     0 1090   73  2  0 98  0  0
 1  0  68160 64015636   6796 733068    0    0     0    16 1129   74  2  0 98  0  0
 1  0  68160 64015636   6796 733068    0    0     0     0 1109   82  2  0 98  0  0
 1  0  68160 64015636   6796 733068    0    0     0     0 1211  164  2  0 98  0  0
 1  0  68160 64015636   6796 733068    0    0     0     0 1088   71  2  0 98  0  0
 1  0  68160 64015636   6796 733068    0    0     0     0 1119   68  2  0 98  0  0
 1  0  68160 64015636   6796 733068    0    0     0    16 1093   74  2  0 98  0  0
 1  0  68160 64015636   6796 733068    0    0     0     0 1230  180  2  0 98  0  0
 1  0  68160 64015636   6796 733068    0    0     0     0 1094   73  2  0 98  0  0
 1  0  68160 64015636   6796 733068    0    0     0     8 1120   76  2  0 98  0  0
 1  0  68160 64015636   6796 733068    0    0     0     0 1089   74  2  0 98  0  0
 1  0  68160 64015636   6796 733068    0    0     0    16 1223  168  2  0 98  0  0
 1  0  68160 64015636   6796 733068    0    0     0     0 1107   83  2  0 98  0  0
 1  0  68160 64015636   6796 733068    0    0     0     0 1125   70  2  0 98  0  0
 1  0  68160 64015636   6796 733068    0    0     0     0 1087   72  2  0 98  0  0
 1  0  68160 64015636   6796 733068    0    0     0     0 1212  164  2  0 98  0  0
 1  0  68160 64015636   6796 733068    0    0     0     0 1093   71  2  0 98  0  0
 1  0  68160 64015636   6796 733068    0    0     0    12 1119   72  2  0 98  0  0
 1  0  68160 64015636   6796 733068    0    0     0     0 1092   72  2  0 98  0  0
 1  0  68160 64015636   6796 733068    0    0     0     0 1212  166  2  0 98  0  0
 1  0  68160 64015636   6796 733068    0    0     0     0 1091   71  2  0 98  0  0
 1  0  68160 64015636   6796 733068    0    0     0     0 1118   68  2  0 98  0  0
 1  0  68160 64015636   6796 733068    0    0     0    16 1120   90  2  0 98  0  0
 1  0  68160 64015636   6796 733068    0    0     0     0 1217  164  2  0 98  0  0
 1  0  68160 64015636   6796 733068    0    0     0     0 1091   71  2  0 98  0  0
 1  0  68160 64015636   6796 733068    0    0     0     0 1127   68  2  0 98  0  0
 1  0  68160 64015636   6796 733068    0    0     0     0 1092   70  2  0 98  0  0
 1  0  68160 64015636   6796 733068    0    0     0    16 1215  168  2  0 98  0  0
 1  0  68160 64015636   6796 733068    0    0     0     0 1090   73  2  0 98  0  0
 1  0  68160 64015636   6796 733068    0    0     0     0 1121   68  2  0 98  0  0
 1  0  68160 64015636   6796 733068    0    0     0     0 1087   70  2  0 98  0  0
 1  0  68160 64015636   6796 733068    0    0     0     0 1211  166  2  0 98  0  0
 1  0  68160 64015636   6796 733068    0    0     0    16 1121   89  2  0 98  0  0
 1  0  68160 64015636   6796 733068    0    0     0     0 1117   68  2  0 98  0  0
 1  0  68160 64015636   6796 733068    0    0     0     0 1092   72  2  0 98  0  0
 1  0  68160 64015636   6796 733068    0    0     0     0 1211  164  2  0 98  0  0
 1  0  68160 64015636   6796 733068    0    0     0     0 1092   71  2  0 98  0  0
 1  0  68160 64015636   6796 733068    0    0     0    16 1125   72  2  0 98  0  0
 1  0  68160 64015636   6796 733068    0    0     0     0 1088   72  2  0 98  0  0
 1  0  68160 64015636   6796 733068    0    0     0    12 1224  178  2  0 98  0  0
 1  0  68160 64015636   6796 733068    0    0     0     0 1093   75  2  0 98  0  0
 1  0  68160 64015636   6796 733068    0    0     0     0 1120   68  2  0 98  0  0
 1  0  68160 64015636   6796 733068    0    0     0     0 1112   84  2  0 98  0  0
 1  0  68160 64015636   6796 733068    0    0     0    20 1223  172  2  0 98  0  0
 1  0  68160 64015636   6796 733068    0    0     0     0 1090   71  2  0 98  0  0
 1  0  68160 64015636   6796 733068    0    0     0     0 1120   68  2  0 98  0  0
 1  0  68160 64015636   6796 733068    0    0   264     0 1153  104  2  0 98  0  0
 1  0  68160 64015636   6796 733068    0    0     0     0 1228  174  2  0 98  0  0
 1  0  68160 64015636   6796 733068    0    0     0     0 1096   77  2  0 98  0  0
 1  0  68160 64015636   6796 733068    0    0     0     0 1116   66  2  0 98  0  0
 1  0  68160 64015636   6796 733068    0    0     0     0 1088   68  2  0 98  0  0
 1  0  68160 64015636   6796 733068    0    0     0     0 1210  164  2  0 98  0  0
 1  0  68160 64015636   6796 733068    0    0     0     0 1116   81  2  0 98  0  0
 1  0  68160 64015636   6796 733068    0    0     0     0 1120   68  2  0 98  0  0
 1  0  68160 64015636   6796 733068    0    0     0     0 1087   68  2  0 98  0  0
 1  0  68160 64015636   6796 733068    0    0     0     0 1211  162  2  0 98  0  0
 1  0  68160 64015636   6796 733068    0    0     0     0 1087   69  2  0 98  0  0
 1  0  68160 64015636   6796 733068    0    0     0     0 1119   66  2  0 98  0  0
 1  0  68160 64015636   6796 733068    0    0     0     0 1090   72  2  0 98  0  0
 1  0  68160 64015636   6796 733068    0    0     0     0 1211  162  2  0 98  0  0
 1  0  68160 64015636   6796 733068    0    0     0     0 1094   69  2  0 98  0  0
 1  0  68160 64015636   6796 733068    0    0     0     0 1115   66  2  0 98  0  0
 1  0  68160 64015636   6796 733068    0    0     0     0 1111   80  2  0 98  0  0
 1  0  68160 64015636   6796 733068    0    0     0     0 1223  166  2  0 98  0  0
 1  0  68160 64015636   6796 733068    0    0     0     0 1078   67  2  0 98  0  0
 1  0  68160 64015636   6796 733068    0    0     0     0 1129   70  2  0 98  0  0
 1  0  68160 64015636   6796 733068    0    0     0     0 1076   66  2  0 98  0  0
 1  0  68160 64015636   6796 733068    0    0     0     0 1252  180  2  0 98  0  0
 1  0  68160 64015636   6796 733068    0    0     0     0 1083   71  2  0 98  0  0
 1  0  68160 64015636   6796 733068    0    0     0    36 1149   86  2  0 98  0  0
 1  0  68160 64015636   6796 733068    0    0     0     0 1081   70  2  0 98  0  0
 1  0  68160 64015636   6796 733068    0    0     0     0 1224  166  2  0 98  0  0
 1  0  68160 64015636   6796 733068    0    0     0     0 1105   81  2  0 98  0  0
 1  0  68160 64015636   6796 733068    0    0     0    20 1138   74  2  0 98  0  0
 1  0  68160 64015636   6796 733068    0    0     0     0 1081   68  2  0 98  0  0
 1  0  68160 64015636   6796 733068    0    0     0     0 1220  164  2  0 98  0  0
 1  0  68160 64015636   6796 733068    0    0     0     0 1078   67  2  0 98  0  0
 1  0  68160 64015636   6796 733068    0    0     0     0 1126   68  2  0 98  0  0
 1  0  68160 64015636   6796 733068    0    0     0     0 1083   70  2  0 98  0  0
 1  0  68160 64015636   6796 733068    0    0     0     0 1218  164  2  0 98  0  0
 1  0  68160 64015636   6796 733068    0    0     0     0 1083   67  2  0 98  0  0
 1  0  68160 64015636   6796 733068    0    0     0     0 1126   68  2  0 98  0  0
 1  0  68160 64015636   6796 733068    0    0     0     0 1100   80  2  0 98  0  0
 1  0  68160 64015636   6796 733068    0    0     0     0 1224  166  2  0 98  0  0
 1  0  68160 64015636   6796 733068    0    0     0     0 1079   67  2  0 98  0  0
 1  0  68160 64015636   6796 733068    0    0     0     0 1129   68  2  0 98  0  0
 1  0  68160 64015636   6796 733068    0    0     0     0 1075   66  2  0 98  0  0
 1  0  68160 64015636   6796 733068    0    0     0     0 1222  164  2  0 98  0  0
 1  0  68160 64015636   6796 733068    0    0     0     0 1084   71  2  0 98  0  0
 1  0  68160 64015636   6796 733068    0    0     0     0 1127   68  2  0 98  0  0
 1  0  68160 64015636   6796 733068    0    0     0     0 1080   66  2  0 98  0  0
 1  0  68160 64015636   6796 733068    0    0     0     0 1221  164  2  0 98  0  0
 1  0  68160 64015636   6796 733068    0    0     0     0 1104   81  2  0 98  0  0
 1  0  68160 64015636   6796 733068    0    0     0     0 1128   70  2  0 98  0  0
 1  0  68160 64015636   6796 733068    0    0     0     0 1081   68  2  0 98  0  0
 1  0  68160 64015636   6796 733068    0    0     0     0 1222  164  2  0 98  0  0
 1  0  68160 64015636   6796 733068    0    0     0     0 1078   67  2  0 98  0  0
 1  0  68160 64015636   6796 733068    0    0     0     0 1129   68  2  0 98  0  0
 1  0  68160 64015636   6796 733068    0    0     0     0 1081   72  2  0 98  0  0
 1  0  68160 64015636   6796 733068    0    0     0     9 1230  178  2  0 98  0  0
 1  0  68160 64015636   6796 733068    0    0     0     0 1081   71  2  0 98  0  0
 1  0  68160 64015636   6796 733068    0    0     0     0 1130   68  2  0 98  0  0
 1  0  68160 64015636   6796 733068    0    0     0     0 1101   78  2  0 98  0  0
 1  0  68160 64015636   6796 733068    0    0     0    12 1226  168  2  0 98  0  0
 1  0  68160 64015636   6796 733068    0    0     0     0 1084   69  2  0 98  0  0
 1  0  68160 64015636   6796 733068    0    0     0     0 1125   68  2  0 98  0  0
 1  0  68160 64015636   6796 733068    0    0     0     0 1078   66  2  0 98  0  0
 1  0  68160 64015636   6796 733068    0    0     0     0 1219  164  2  0 98  0  0
 1  0  68160 64015636   6796 733068    0    0     0     0 1083   69  2  0 98  0  0
 1  0  68160 64015636   6796 733068    0    0     0     0 1126   70  2  0 98  0  0
 1  0  68160 64015636   6796 733068    0    0     0     0 1077   66  2  0 98  0  0
 1  0  68160 64015636   6796 733068    0    0     0     0 1237  164  2  0 98  0  0
 1  0  68160 64015636   6796 733068    0    0     0     0 1109   79  2  0 98  0  0
 1  0  68160 64015636   6796 733068    0    0     0     0 1130   68  2  0 98  0  0
 1  0  68160 64015636   6796 733068    0    0     0     0 1079   70  2  0 98  0  0
 1  0  68160 64015636   6796 733068    0    0     0     0 1220  164  2  0 98  0  0
 1  0  68160 64015636   6796 733068    0    0     0     0 1079   67  2  0 98  0  0
 1  0  68160 64015636   6796 733068    0    0     0     0 1128   68  2  0 98  0  0
 1  0  68160 64015636   6796 733068    0    0     0     0 1099   80  2  0 98  0  0
 1  0  68160 64017160   6796 733468    0    0     0     0 1390  224  2  0 98  0  0
 2  0  68160 64017160   6796 733468    0    0     0     0 1081   71  2  0 98  0  0
 1  0  68160 64017160   6796 733468    0    0     0     0 1126   70  2  0 98  0  0
 1  0  68160 64017176   6796 733468    0    0     0     0 1138  102  2  0 98  0  0
 1  0  68160 64017176   6796 733468    0    0     0     0 1215  162  2  0 98  0  0
 1  0  68160 64017176   6796 733468    0    0     0    16 1083   69  2  0 98  0  0
 1  0  68160 64017176   6796 733468    0    0     0     0 1134   74  2  0 98  0  0
 1  0  68160 64017176   6796 733468    0    0     0     0 1115  100  2  0 98  0  0
 1  0  68160 64017176   6796 733468    0    0     0     0 1239  180  2  0 98  0  0
 1  0  68160 64017380   6796 733468    0    0     0     0 1080   69  2  0 98  0  0
 1  0  68160 64017380   6796 733468    0    0     0     9 1138   80  2  0 98  0  0
 1  0  68160 64017380   6796 733468    0    0     0     0 1078   68  2  0 98  0  0
 2  0  68160 64017380   6796 733468    0    0     0     0 1223  163  2  0 98  0  0
 1  0  68160 64017380   6796 733468    0    0     0     0 1100   76  2  0 98  0  0
 1  0  68160 64017380   6796 733468    0    0     0     0 1125   68  2  0 98  0  0
 1  0  68160 64017380   6796 733468    0    0     0     0 1078   64  2  0 98  0  0
 1  0  68160 64017380   6796 733468    0    0     0     8 1219  164  2  0 98  0  0
 1  0  68160 64017380   6796 733468    0    0     0     0 1078   65  2  0 98  0  0
 1  0  68160 64017380   6796 733468    0    0     0     0 1126   66  2  0 98  0  0
 1  0  68160 64017380   6796 733468    0    0     0     0 1078   66  2  0 98  0  0
 1  0  68160 64017380   6796 733468    0    0     0     0 1221  162  2  0 98  0  0
 1  0  68160 64017380   6796 733468    0    0     0     8 1084   69  2  0 98  0  0
 1  0  68160 64017380   6796 733468    0    0     0     0 1136   70  2  0 98  0  0
 1  0  68160 64017380   6796 733468    0    0     0     0 1087   72  2  0 98  0  0
 1  0  68160 64017380   6796 733468    0    0     0     0 1219  162  2  0 98  0  0
 1  0  68160 64017380   6796 733468    0    0     0     0 1077   65  2  0 98  0  0
 1  0  68160 64017380   6796 733468    0    0     0     0 1126   66  2  0 98  0  0
 1  0  68160 64017380   6796 733468    0    0     0     8 1078   66  2  0 98  0  0
 1  0  68160 64017380   6796 733468    0    0     0     0 1218  162  2  0 98  0  0
 1  0  68160 64017380   6796 733468    0    0     0     0 1082   69  2  0 98  0  0
 1  0  68160 64017380   6796 733468    0    0     0     0 1127   66  2  0 98  0  0
 1  0  68160 64017380   6796 733468    0    0     0     0 1090   79  2  0 98  0  0
 1  0  68160 64017380   6796 733468    0    0     0     8 1242  176  2  0 98  0  0
 1  0  68160 64017380   6796 733468    0    0     0     0 1084   69  2  0 98  0  0
 1  0  68160 64017380   6796 733468    0    0     0     0 1132   68  2  0 98  0  0
 1  0  68160 64017380   6796 733468    0    0     0     0 1080   68  2  0 98  0  0
 1  0  68160 64017380   6796 733468    0    0     0     0 1231  162  2  0 98  0  0
 1  0  68160 64017380   6796 733468    0    0     0     0 1077   65  2  0 98  0  0
 1  0  68160 64017380   6796 733468    0    0     0     8 1130   68  2  0 98  0  0
 1  0  68160 64017380   6796 733468    0    0     0     0 1079   68  2  0 98  0  0
 1  0  68160 64017380   6796 733468    0    0     0     1 1237  182  2  0 98  0  0
 1  0  68160 64017380   6796 733468    0    0     0     0 1082   71  2  0 98  0  0
 1  0  68160 64017380   6796 733468    0    0     0     0 1148   78  2  0 98  0  0
 1  0  68160 64017380   6796 733468    0    0     0     4 1083   70  2  0 98  0  0
 1  0  68160 64017380   6796 733468    0    0     0     0 1219  164  2  0 98  0  0
 1  0  68160 64017380   6796 733468    0    0     0     0 1080   65  2  0 98  0  0
 1  0  68160 64017380   6796 733468    0    0     0     0 1123   66  2  0 98  0  0
 1  0  68160 64017380   6796 733468    0    0     0     0 1078   64  2  0 98  0  0
 1  0  68160 64017380   6796 733468    0    0     0     0 1219  162  2  0 98  0  0
 1  0  68160 64017380   6796 733468    0    0     0     8 1083   71  2  0 98  0  0
 1  0  68160 64017380   6796 733468    0    0     0     0 1126   66  2  0 98  0  0
 1  0  68160 64017816   6796 733468    0    0     0     0 1103   78  2  0 98  0  0
 1  0  68160 64017816   6796 733468    0    0     0     0 1241  174  2  0 98  0  0
 1  0  68160 64017816   6796 733468    0    0     0     0 1077   63  2  0 98  0  0
 1  0  68160 64017816   6796 733468    0    0     0     8 1130   70  2  0 98  0  0
 1  0  68160 64017816   6796 733468    0    0     0     0 1075   62  2  0 98  0  0
 1  0  68160 64017816   6796 733468    0    0     0     0 1221  164  2  0 98  0  0
 1  0  68160 64017816   6796 733468    0    0     0     0 1077   63  2  0 98  0  0
 1  0  68160 64017816   6796 733468    0    0     0     0 1122   64  2  0 98  0  0
 1  0  68160 64017816   6796 733468    0    0     0     0 1096   76  2  0 98  0  0
 1  0  68160 64017816   6796 733468    0    0     0     4 1218  162  2  0 98  0  0
 1  0  68160 64017816   6796 733468    0    0     0     0 1077   63  2  0 98  0  0
 1  0  68160 64017816   6796 733468    0    0     0     0 1145   78  2  0 98  0  0
 1  0  68160 64017816   6796 733468    0    0     0     0 1077   62  2  0 98  0  0
 1  0  68160 64017816   6796 733468    0    0     0     0 1219  160  2  0 98  0  0
 1  0  68160 64017816   6796 733468    0    0     0     0 1078   65  2  0 98  0  0
 1  0  68160 64017816   6796 733468    0    0     0     4 1126   66  2  0 98  0  0
 1  0  68160 64017816   6796 733468    0    0     0     0 1071   62  2  0 98  0  0
 1  0  68160 64017816   6796 733468    0    0     0     0 1236  174  2  0 98  0  0
 1  0  68160 64017816   6796 733468    0    0     0     0 1077   65  2  0 98  0  0
 1  0  68160 64017816   6796 733468    0    0     0     1 1131   72  2  0 98  0  0
 1  0  68160 64017816   6796 733468    0    0     0     0 1078   68  2  0 98  0  0
 1  0  68160 64017816   6796 733468    0    0     0     4 1237  172  2  0 98  0  0
 1  0  68160 64017816   6796 733468    0    0     0     0 1081   65  2  0 98  0  0
 1  0  68160 64017816   6796 733468    0    0     0     0 1125   66  2  0 98  0  0
 1  0  68160 64017816   6796 733468    0    0     0     0 1075   62  2  0 98  0  0
 1  0  68160 64017816   6796 733468    0    0     0     0 1228  160  2  0 98  0  0
 1  0  68160 64017816   6796 733468    0    0     0     0 1082   65  2  0 98  0  0
 1  0  68160 64017816   6796 733468    0    0     0     4 1136   66  2  0 98  0  0
 1  0  68160 64017816   6796 733468    0    0     0     0 1079   64  2  0 98  0  0
 1  0  68160 64017816   6796 733468    0    0     0     0 1220  160  2  0 98  0  0
 1  0  68160 64017816   6796 733468    0    0     0     0 1074   63  2  0 98  0  0
 1  0  68160 64017816   6796 733468    0    0     0     0 1150   76  2  0 98  0  0
 1  0  68160 64017816   6796 733468    0    0     0     0 1074   64  2  0 98  0  0
 1  0  68160 64017816   6796 733468    0    0     0     4 1221  162  2  0 98  0  0
 1  0  68160 64017816   6796 733468    0    0     0     0 1075   63  2  0 98  0  0
 1  0  68160 64017816   6796 733468    0    0     0     0 1125   64  2  0 98  0  0
 1  0  68160 64017816   6796 733468    0    0     0     0 1075   62  2  0 98  0  0
 1  0  68160 64017816   6796 733468    0    0     0     0 1216  160  2  0 98  0  0
 1  0  68160 64017816   6796 733468    0    0     0     0 1080   67  2  0 98  0  0
 1  0  68160 64017816   6796 733468    0    0     0     8 1125   68  2  0 98  0  0
 1  0  68160 64017816   6796 733468    0    0     0     0 1077   62  2  0 98  0  0
 1  0  68160 64017816   6796 733468    0    0     0     0 1233  172  2  0 98  0  0
  66  2  0 98  0  0
51   86  2  0 98  0  0
4015636   6796 733068    0    0     0     0 1078   68  2  0 98  0  0
