procs -----------memory---------- ---swap-- -----io---- -system-- ------cpu-----
 r  b   swpd   free   buff  cache   si   so    bi    bo   in   cs us sy id wa st
 0  1  68044 64122912   5220 640324    0    0    83   144    0    0  0  0 99  0  0
 1  0  68044 64093536   6804 645700    0    0  3496  2052 1286  599  2  0 98  0  0
 1  0  68044 64093536   6804 645700    0    0     0     0 1060   24  2  0 98  0  0
 1  0  68044 64093536   6804 645700    0    0     0     4 1118   83  2  0 98  0  0
 1  0  68044 64093536   6804 645700    0    0     0     0 1069   29  2  0 98  0  0
 1  0  68044 64093536   6804 645700    0    0     0     0 1105   71  2  0 98  0  0
 1  0  68044 64093536   6804 645700    0    0     0     2 1061   28  2  0 98  0  0
 1  0  68044 64093536   6804 645700    0    0     0     0 1104   71  2  0 98  0  0
 1  0  68044 64093536   6804 645700    0    0     0     0 1072   30  2  0 98  0  0
 1  0  68044 64093536   6804 645700    0    0     0     2 1107   74  2  0 98  0  0
 1  0  68044 64093536   6804 645700    0    0     0     0 1058   22  2  0 98  0  0
 1  0  68044 64093536   6804 645700    0    0     0     0 1104   71  2  0 98  0  0
 1  0  68044 64093536   6804 645700    0    0     0     2 1063   26  2  0 98  0  0
 1  0  68044 64093536   6804 645700    0    0     0     0 1124   79  2  0 98  0  0
 1  0  68044 64093536   6804 645700    0    0     0     0 1060   22  2  0 98  0  0
 1  0  68044 64093536   6804 645700    0    0     0     7 1114   82  2  0 98  0  0
 1  0  68044 64093536   6804 645700    0    0     0    36 1068   23  2  0 98  0  0
 1  0  68044 64093536   6804 645700    0    0     0     0 1106   72  2  0 98  0  0
 1  0  68044 64093536   6804 645700    0    0     0     4 1074   34  2  0 98  0  0
 1  0  68044 64093536   6804 645700    0    0     0     0 1105   71  2  0 98  0  0
 1  0  68044 64093536   6804 645700    0    0     0     0 1058   22  2  0 98  0  0
 1  0  68044 64093536   6804 645700    0    0     0     2 1108   75  2  0 98  0  0
 1  0  68044 64093536   6804 645700    0    0     0     0 1058   22  2  0 98  0  0
 1  0  68044 64092040   6804 645700    0    0     0     0 1122   79  2  0 98  0  0
 1  0  68044 64092040   6804 645700    0    0     0     2 1060   25  2  0 98  0  0
 1  0  68044 64092040   6804 645700    0    0     0     0 1104   71  2  0 98  0  0
 1  0  68044 64092040   6804 645700    0    0     0     0 1060   23  2  0 98  0  0
 1  0  68044 64092040   6804 645700    0    0     0     2 1107   74  2  0 98  0  0
 1  0  68044 64092296   6804 645700    0    0     0     0 1076   31  2  0 98  0  0
 1  0  68044 64092296   6804 645700    0    0     0     0 1079   71  2  0 98  0  0
 1  0  68044 64092296   6804 645700    0    0     0    31 1109   74  2  0 98  0  0
 1  0  68044 64092296   6804 645700    0    0     0     0 1148  113  2  0 98  0  0
 1  0  68044 64092296   6804 645700    0    0     0     0 1098   63  2  0 98  0  0
 1  0  68044 64092296   6804 645700    0    0     0     8 1161  123  2  0 98  0  0
 1  0  68044 64092296   6804 645700    0    0     0     0 1110   70  2  0 98  0  0
 1  0  68044 64092296   6804 645700    0    0     0     0 1149  111  2  0 98  0  0
 1  0  68044 64092296   6804 645700    0    0     0     2 1103   65  2  0 98  0  0
 1  0  68044 64092296   6804 645700    0    0     0     0 1144  111  2  0 98  0  0
 1  0  68044 64092296   6804 645700    0    0     0     0 1109   70  2  0 98  0  0
 1  0  68044 64092296   6804 645700    0    0     0     2 1148  114  2  0 98  0  0
 1  0  68044 64092296   6804 645700    0    0     0     0 1098   62  2  0 98  0  0
 1  0  68044 64092296   6804 645700    0    0     0     0 1145  111  2  0 98  0  0
 1  0  68044 64092296   6804 645700    0    0     0     2 1100   67  2  0 98  0  0
 1  0  68044 64092296   6804 645700    0    0     0     0 1158  119  2  0 98  0  0
 1  0  68044 64092296   6804 645700    0    0     0     0 1097   62  2  0 98  0  0
 1  0  68044 64092296   6804 645700    0    0     0     3 1153  122  2  0 98  0  0
 1  0  68044 64092296   6804 645700    0    0     0     0 1097   62  2  0 98  0  0
 1  0  68044 64092296   6804 645700    0    0     0     0 1146  112  2  0 98  0  0
 1  0  68044 64092296   6804 645700    0    0     0     4 1112   73  2  0 98  0  0
 1  0  68044 64092296   6804 645700    0    0     0     0 1147  112  2  0 98  0  0
 1  0  68044 64092296   6804 645700    0    0     0     0 1098   62  2  0 98  0  0
 1  0  68044 64092296   6804 645700    0    0     0     2 1147  114  2  0 98  0  0
 1  0  68044 64092296   6804 645700    0    0     0     0 1098   62  2  0 98  0  0
 1  0  68044 64092296   6804 645700    0    0     0     0 1157  118  2  0 98  0  0
 1  0  68044 64092296   6804 645700    0    0     0     2 1099   65  2  0 98  0  0
 1  0  68044 64092296   6804 645700    0    0     0     0 1146  111  2  0 98  0  0
 1  0  68044 64092296   6804 645700    0    0     0     0 1100   63  2  0 98  0  0
 1  0  68044 64091416   6804 646512    0    0     0     2 1172  137  2  0 98  0  0
 1  0  68044 64091416   6804 646512    0    0     0     0 1113   71  2  0 98  0  0
 1  0  68044 64091416   6804 646512    0    0     0     0 1146  111  2  0 98  0  0
 1  0  68044 64091416   6804 646512    0    0     0     6 1103   71  2  0 98  0  0
 1  0  68044 64091416   6804 646512    0    0     0     0 1146  111  2  0 98  0  0
 1  0  68044 64091416   6804 646512    0    0     0     0 1098   63  2  0 98  0  0
 1  0  68044 64091416   6804 646512    0    0     0     2 1160  121  2  0 98  0  0
 1  0  68044 64091416   6804 646512    0    0     0     0 1100   66  2  0 98  0  0
 1  0  68044 64091540   6804 646512    0    0     0     0 1155  116  2  0 98  0  0
 1  0  68044 64091540   6804 646512    0    0     0     2 1099   65  2  0 98  0  0
 1  0  68044 64091540   6804 646512    0    0     0     0 1144  111  2  0 98  0  0
 1  0  68044 64091540   6804 646512    0    0     0     0 1109   69  2  0 98  0  0
 1  0  68044 64091540   6804 646512    0    0     0     2 1147  114  2  0 98  0  0
 1  0  68044 64091540   6804 646512    0    0     0     0 1099   63  2  0 98  0  0
 1  0  68044 64091540   6804 646512    0    0     0     0 1145  111  2  0 98  0  0
 1  0  68044 64091540   6804 646512    0    0     0     2 1100   66  2  0 98  0  0
 1  0  68044 64091540   6804 646512    0    0     0     0 1156  118  2  0 98  0  0
 1  0  68044 64091540   6804 646512    0    0     0     0 1098   62  2  0 98  0  0
 1  0  68044 64091540   6804 646512    0    0     0     7 1154  124  2  0 98  0  0
 1  0  68044 64091540   6804 646512    0    0     0     0 1097   62  2  0 98  0  0
 1  0  68044 64091540   6804 646512    0    0     0     0 1146  112  2  0 98  0  0
 1  0  68044 64091540   6804 646512    0    0     0     2 1112   72  2  0 98  0  0
 1  0  68044 64091540   6804 646512    0    0     0     0 1151  111  2  0 98  0  0
 1  0  68044 64091540   6804 646512    0    0     0     0 1097   62  2  0 98  0  0
 1  0  68044 64091540   6804 646512    0    0     0     2 1147  114  2  0 98  0  0
 1  0  68044 64091540   6804 646512    0    0     0     0 1098   62  2  0 98  0  0
 1  0  68044 64091540   6804 646512    0    0     0     0 1156  118  2  0 98  0  0
 1  0  68044 64091540   6804 646512    0    0     0     2 1100   65  2  0 98  0  0
 1  0  68044 64091540   6804 646512    0    0     0     0 1145  111  2  0 98  0  0
 1  0  68044 64091540   6804 646512    0    0     0     0 1098   62  2  0 98  0  0
 1  0  68044 64091540   6804 646512    0    0     0     2 1147  114  2  0 98  0  0
 1  0  68044 64091540   6804 646512    0    0     0     0 1112   72  2  0 98  0  0
 1  0  68044 64091540   6804 646512    0    0     0     0 1144  111  2  0 98  0  0
 1  0  68044 64091540   6804 646512    0    0     0     3 1111   77  2  0 98  0  0
 1  0  68044 64091540   6804 646512    0    0     0     0 1143  111  2  0 98  0  0
 1  0  68044 64091540   6804 646512    0    0     0     0 1099   63  2  0 98  0  0
 1  0  68044 64091540   6804 646512    0    0     0     2 1157  120  2  0 98  0  0
 1  0  68044 64091540   6804 646512    0    0     0     0 1098   62  2  0 98  0  0
 1  0  68044 64091540   6804 646512    0    0     0     0 1154  119  2  0 98  0  0
 1  0  68044 64091540   6804 646512    0    0     0     2 1101   65  2  0 98  0  0
 1  0  68044 64091540   6804 646512    0    0     0     0 1143  111  2  0 98  0  0
 1  0  68044 64091540   6804 646512    0    0     0     0 1110   69  2  0 98  0  0
 1  0  68044 64091540   6804 646512    0    0     0     4 1152  115  2  0 98  0  0
 1  0  68044 64091556   6804 646516    0    0     0     0 1115   73  2  0 98  0  0
 1  0  68044 64091556   6804 646516    0    0     0     0 1145  114  2  0 98  0  0
 1  0  68044 64091556   6804 646516    0    0     0     2 1101   66  2  0 98  0  0
 1  0  68044 64091556   6804 646516    0    0     0     0 1155  119  2  0 98  0  0
 1  0  68044 64091556   6804 646516    0    0     0     0 1099   63  2  0 98  0  0
 1  0  68044 64091556   6804 646516    0    0     0     6 1151  121  2  0 98  0  0
 1  0  68044 64091556   6804 646516    0    0     0     0 1098   62  2  0 98  0  0
 1  0  68044 64091556   6804 646516    0    0     0     0 1145  112  2  0 98  0  0
 1  0  68044 64091556   6804 646516    0    0     0     2 1112   73  2  0 98  0  0
 1  0  68044 64091556   6804 646516    0    0     0     0 1145  111  2  0 98  0  0
 1  0  68044 64091556   6804 646516    0    0     0     0 1098   62  2  0 98  0  0
 1  0  68044 64091556   6804 646516    0    0     0     2 1145  114  2  0 98  0  0
 1  0  68044 64091556   6804 646516    0    0     0     0 1098   62  2  0 98  0  0
 1  0  68044 64091556   6804 646516    0    0     0     0 1156  119  2  0 98  0  0
 1  0  68044 64091556   6804 646516    0    0     0     2 1102   65  2  0 98  0  0
 1  0  68044 64091556   6804 646516    0    0     0     0 1144  111  2  0 98  0  0
 1  0  68044 64091556   6804 646516    0    0     0     0 1099   63  2  0 98  0  0
 1  0  68044 64091556   6804 646516    0    0     0     2 1157  126  2  0 98  0  0
 1  0  68044 64091556   6804 646516    0    0     0     0 1111   70  2  0 98  0  0
 1  0  68044 64091556   6804 646516    0    0     0     0 1154  120  2  0 98  0  0
 1  0  68044 64091556   6804 646516    0    0     0     7 1107   74  2  0 98  0  0
 1  0  68044 64091556   6804 646516    0    0     0     0 1158  112  2  0 98  0  0
 1  0  68044 64091556   6804 646516    0    0     0     0 1105   63  2  0 98  0  0
 1  0  68044 64091556   6804 646516    0    0     0     2 1159  122  2  0 98  0  0
 1  0  68044 64091556   6804 646516    0    0     0     0 1098   62  2  0 98  0  0
 1  0  68044 64091556   6804 646516    0    0     0     0 1155  120  2  0 98  0  0
 1  0  68044 64091556   6804 646516    0    0     0     2 1100   65  2  0 98  0  0
 1  0  68044 64091556   6804 646516    0    0     0     0 1145  111  2  0 98  0  0
 1  0  68044 64091556   6804 646516    0    0     0     0 1110   69  2  0 98  0  0
 1  0  68044 64091556   6804 646516    0    0     0     2 1148  114  2  0 98  0  0
 1  0  68044 64091556   6804 646516    0    0     0     0 1098   62  2  0 98  0  0
 1  0  68044 64091556   6804 646516    0    0     0     0 1145  112  2  0 98  0  0
 1  0  68044 64091556   6804 646516    0    0     0     2 1100   65  2  0 98  0  0
 1  0  68044 64091556   6804 646516    0    0     0     0 1156  118  2  0 98  0  0
 1  0  68044 64091556   6804 646516    0    0     0     0 1100   63  2  0 98  0  0
 1  0  68044 64091556   6804 646516    0    0     0     3 1150  120  2  0 98  0  0
 1  0  68044 64091556   6804 646516    0    0     0     0 1100   62  2  0 98  0  0
 1  0  68044 64091556   6804 646516    0    0     0     0 1144  112  2  0 98  0  0
 1  0  68044 64091556   6804 646516    0    0     0     2 1110   71  2  0 98  0  0
 1  0  68044 64091556   6804 646516    0    0     0     0 1144  111  2  0 98  0  0
 1  0  68044 64091556   6804 646516    0    0     0     0 1099   62  2  0 98  0  0
 1  0  68044 64091556   6804 646516    0    0     0     2 1145  114  2  0 98  0  0
 1  0  68044 64091556   6804 646516    0    0     0     0 1098   62  2  0 98  0  0
 1  0  68044 64091556   6804 646516    0    0     0     0 1162  118  2  0 98  0  0
 1  0  68044 64091556   6804 646516    0    0     0     2 1102   65  2  0 98  0  0
 1  0  68044 64091556   6804 646516    0    0     0     0 1145  111  2  0 98  0  0
 1  0  68044 64091556   6804 646516    0    0     0     0 1097   62  2  0 98  0  0
 1  0  68044 64091572   6804 646520    0    0     0     4 1227  129  2  0 98  0  0
 1  0  68044 64091572   6804 646520    0    0     0     0 1111   71  2  0 98  0  0
 1  0  68044 64091572   6804 646520    0    0     0     0 1146  111  2  0 98  0  0
