_bloom_bits_2
bloom_bits from config:32663
filter policy name:leveldb.DynamicBloomFilter 
Options used in leveldb
compression	max_file_size	write_buffer_size	max_open_files
 NoCompress	          2MB	              4MB	        100000
glsm --- hierarchical bloom filter

                               Compactions
Level  Files Size(MB) Time(sec) Read(MB) Write(MB)
--------------------------------------------------
  0        3       10       124        0     10705
  1        3        6       384    12650     12581
  2        3        6        54     1612      1611
  3        4        8         2       67        67
  4        3        6         0        0         0
  5        3        6         0        0         0
  6       12       24        32      852       851
  7       12       24         4      101       101
  8       13       25         3       98        98
  9       12       24         0        4         4
 10       12       24         0        0         0
 11       13       26         0        0         0
 12       13       25         0        0         0
 13       12       24         0        0         0
 14       12       24         0        0         0
 15       15       26       107     2317      2317
 16      119      224      2892    72354     72298
 17      114      224        97     2500      2499
 18      112      224         0        0         0
 19      115      223         0        0         0
 20      113      223         0        0         0
 21      114      224         0        0         0
 22      112      224         0        0         0
 23      113      224         0        0         0
 24      113      224         0        0         0
 25      117      224        24      519       519
 26     1134     2247      1781    44312     44269
 27     1109     2246         6      144       144
 28     1119     2247         0        0         0
 29      625     1268         0        0         0

 Compaction Count:131576 TrivialMoveCount:119438 


WRITE latency
-nanusWrite ops:0
READ latency
-nanusRead ops:0
                               Compactions
Level  Files Size(MB) Time(sec) Read(MB) Write(MB)
--------------------------------------------------
  0        3       10       124        0     10705
  1        3        6       384    12650     12581
  2        3        6        54     1612      1611
  3        4        8         2       67        67
  4        3        6         0        0         0
  5        3        6         0        0         0
  6       12       24        32      852       851
  7       12       24         4      101       101
  8       13       25         3       98        98
  9       12       24         0        4         4
 10       12       24         0        0         0
 11       13       26         0        0         0
 12       13       25         0        0         0
 13       12       24         0        0         0
 14       12       24         0        0         0
 15       15       26       107     2317      2317
 16      119      224      2892    72354     72298
 17      114      224        97     2500      2499
 18      112      224         0        0         0
 19      115      223         0        0         0
 20      113      223         0        0         0
 21      114      224         0        0         0
 22      112      224         0        0         0
 23      113      224         0        0         0
 24      113      224         0        0         0
 25      117      224        24      519       519
 26     1134     2247      1781    44312     44269
 27     1109     2246         6      144       144
 28     1119     2247         0        0         0
 29      625     1268         0        0         0

 Compaction Count:131576 TrivialMoveCount:119438 

                               Compactions
Level  Files Size(MB) Time(sec) Read(MB) Write(MB)
--------------------------------------------------
  0        3       10       124        0     10705
  1        1        2       384    12650     12581
  2        1        2        54     1612      1611
  3        1        2         2       67        67
  4        1        2         0        0         0
  5        1        2         0        0         0
  6        5       10        32      852       851
  7        4        8         4      101       101
  8        4        8         3       98        98
  9        4        8         0        4         4
 10        5       10         0        0         0
 11        4        8         0        0         0
 12        4        8         0        0         0
 13        4        8         0        0         0
 14        4        8         0        0         0
 15        5        9       108     2339      2340
 16       51       99      2934    73406     73350
 17       51       99        99     2561      2560
 18       49       99         0        0         0
 19       50      100         0        0         0
 20       50       99         0        0         0
 21       51       99         0        0         0
 22       49       99         0        0         0
 23       50       99         0        0         0
 24       50      100         0        0         0
 25       51       99        24      521       521
 26      498      998      2013    50462     50414
 27      493     1000         7      177       177
 28      492      999         0        0         0
 29      492      999         0        0         0
 30      492      999         0        0         0
 31      496      999         0        0         0
 32      502      999         0        0         0
 33      493      998         0        0         0
 34      492      998         0        0         0
 35      218      442         0        0         0

 Compaction Count:151108 TrivialMoveCount:138248 

--------------abover are untilCompactionEnds output--------------


---------------------READ STATISTICS-----------------------------------------
type   		count		min		ave		max

