_bloom_bits_2
bloom_bits from config:32580
filter policy name:leveldb.DynamicBloomFilter 
Options used in leveldb
compression	max_file_size	write_buffer_size	max_open_files
 NoCompress	          2MB	              4MB	        100000
glsm --- hierarchical bloom filter

                               Compactions
Level  Files Size(MB) Time(sec) Read(MB) Write(MB)
--------------------------------------------------
  0        4       14       155        0     10954
  1        6       12       418    12992     12923
  2        5       10        56     1592      1591
  3        5       10         2       48        48
  4        6       12         0        4         4
  5        7       15         0        0         0
  6       11       23        32      811       810
  7       10       21         5      120       120
  8       11       21         0        0         0
  9       10       21         0        0         0
 10       11       22         0        0         0
 11       10       21         0        0         0
 12       11       22         0        0         0
 13       10       21         0        0         0
 14       11       22         0        0         0
 15       15       21       109     2325      2325
 16      114      223      2996    73102     73047
 17      110      224        96     2431      2429
 18      112      224         0        0         0
 19      110      224         0        0         0
 20      110      225         0        0         0
 21      113      225         0        0         0
 22      111      224         0        0         0
 23      110      224         0        0         0
 24      112      225         0        0         0
 25      114      224        26      556       556
 26     1113     2249      1868    45259     45216
 27     1084     2248         5      127       127
 28     1103     2249         0        0         0
 29      727     1510         0        0         0

 Compaction Count:131801 TrivialMoveCount:119725 


WRITE latency
-nanusWrite ops:0
READ latency
-nanusRead ops:0
                               Compactions
Level  Files Size(MB) Time(sec) Read(MB) Write(MB)
--------------------------------------------------
  0        4       14       155        0     10954
  1        6       12       418    12992     12923
  2        5       10        56     1592      1591
  3        5       10         2       48        48
  4        6       12         0        4         4
  5        7       15         0        0         0
  6       11       23        32      811       810
  7       10       21         5      120       120
  8       11       21         0        0         0
  9       10       21         0        0         0
 10       11       22         0        0         0
 11       10       21         0        0         0
 12       11       22         0        0         0
 13       10       21         0        0         0
 14       11       22         0        0         0
 15       15       21       109     2325      2325
 16      114      223      2996    73102     73047
 17      110      224        96     2431      2429
 18      112      224         0        0         0
 19      110      224         0        0         0
 20      110      225         0        0         0
 21      113      225         0        0         0
 22      111      224         0        0         0
 23      110      224         0        0         0
 24      112      225         0        0         0
 25      114      224        26      556       556
 26     1113     2249      1868    45259     45216
 27     1084     2248         5      127       127
 28     1103     2249         0        0         0
 29      727     1510         0        0         0

 Compaction Count:131801 TrivialMoveCount:119725 

                               Compactions
Level  Files Size(MB) Time(sec) Read(MB) Write(MB)
--------------------------------------------------
  0        0        0       155        0     10954
  1        1        1       418    13008     12939
  2        1        2        56     1596      1595
  3        1        2         2       48        48
  4        1        2         0        4         4
  5        1        2         0        0         0
  6        5       10        34      862       861
  7        4        8         5      120       120
  8        4        8         0        0         0
  9        4        8         0        0         0
 10        4        8         0        0         0
 11        5       10         0        0         0
 12        4        8         0        0         0
 13        4        8         0        0         0
 14        4        8         0        0         0
 15        4        8       109     2333      2333
 16       50       99      3033    74018     73962
 17       48      100        99     2506      2505
 18       49      100         0        0         0
 19       49      100         0        0         0
 20       49       99         0        0         0
 21       48       99         0        0         0
 22       50       98         0        0         0
 23       50       99         0        0         0
 24       48       98         0        0         0
 25       49       99        26      564       564
 26      486     1000      2109    51303     51255
 27      482     1000         7      173       173
 28      481      999         0        0         0
 29      481     1000         0        0         0
 30      482     1000         0        0         0
 31      483      999         0        0         0
 32      495      998         0        0         0
 33      486      999         0        0         0
 34      481      999         0        0         0
 35      336      698         0        0         0

 Compaction Count:151903 TrivialMoveCount:139143 

--------------abover are untilCompactionEnds output--------------


---------------------READ STATISTICS-----------------------------------------
type   		count		min		ave		max

