_bloom_bits_10
bloom_bits from config:32692
filter policy name:leveldb.DynamicBloomFilter 
Options used in leveldb
compression	max_file_size	write_buffer_size	max_open_files
 NoCompress	          2MB	              4MB	         50000
glsm --- hierarchical bloom filter

                               Compactions
Level  Files Size(MB) Time(sec) Read(MB) Write(MB)
--------------------------------------------------
  0        0        0      1333        0     54764
  1       20       40      3139    64991     64634
  2        3        6       291     7125      7126
  3        4        7         0        0         0
  4        3        6         0        0         0
  5        3        6         1       18        18
  6       12       24        28      692       691
  7       12       25         5      120       120
  8       12       24         0        0         0
  9       12       25         0        0         0
 10       12       24         0        0         0
 11       12       25         0        0         0
 12       12       24         0        0         0
 13       12       25         0        0         0
 14       12       24         0        0         0
 15       18       25       692    13197     13198
 16      126      249     17187   391121    390627
 17      123      250       533    12368     12362
 18      123      249         0        0         0
 19      123      249         0        0         0
 20      123      248         0        0         0
 21      123      248         0        0         0
 22      123      248         0        0         0
 23      122      250         0        0         0
 24      124      250         0        0         0
 25      123      249       206     4527      4527
 26     1289     2499     12992   303940    303293
 27     1218     2498        44     1030      1030
 28     1221     2498         0        0         0
 29     1221     2499         0        0         0
 30     1219     2499         0        0         0
 31     1220     2500         0        0         0
 32     1218     2498         0        0         0
 33     1221     2500         0        0         0
 34     1219     2498         0        0         0
 35     1222     2498         0        0         0
 36    12254    24999      3916    94370     94092
 37       95      194         0        0         0

 bloomFilterCompare Count:0 readTableCount:0 

 Compaction Count:846805 TrivialMoveCount:768445 


WRITE latency
-nanusWrite ops:0
READ latency
-nanusRead ops:0
Not found num: 0
                               Compactions
Level  Files Size(MB) Time(sec) Read(MB) Write(MB)
--------------------------------------------------
  0        1        3      1333        0     54764
  1       20       40      3139    64991     64634
  2        3        6       291     7125      7126
  3        4        7         0        0         0
  4        3        6         0        0         0
  5        3        6         1       18        18
  6       12       24        28      692       691
  7       12       25         5      120       120
  8       12       24         0        0         0
  9       12       25         0        0         0
 10       12       24         0        0         0
 11       12       25         0        0         0
 12       12       24         0        0         0
 13       12       25         0        0         0
 14       12       24         0        0         0
 15       18       25       692    13197     13198
 16      126      249     17187   391121    390627
 17      123      250       533    12368     12362
 18      123      249         0        0         0
 19      123      249         0        0         0
 20      123      248         0        0         0
 21      123      248         0        0         0
 22      123      248         0        0         0
 23      122      250         0        0         0
 24      124      250         0        0         0
 25      123      249       206     4527      4527
 26     1289     2499     12992   303940    303293
 27     1218     2498        44     1030      1030
 28     1221     2498         0        0         0
 29     1221     2499         0        0         0
 30     1219     2499         0        0         0
 31     1220     2500         0        0         0
 32     1218     2498         0        0         0
 33     1221     2500         0        0         0
 34     1219     2498         0        0         0
 35     1222     2498         0        0         0
 36    12254    24999      3916    94370     94092
 37       95      194         0        0         0

 bloomFilterCompare Count:0 readTableCount:0 

 Compaction Count:846805 TrivialMoveCount:768445 

                               Compactions
Level  Files Size(MB) Time(sec) Read(MB) Write(MB)
--------------------------------------------------
  0        1        3      1333        0     54764
  1        1        2      3139    64991     64634
  2        1        2       291     7129      7130
  3        2        3         0        0         0
  4        1        2         0        0         0
  5        1        2         1       18        18
  6        4        8        28      692       691
  7        4        8         5      120       120
  8        4        8         0        0         0
  9        4        8         0        0         0
 10        5        9         0        0         0
 11        4        8         0        0         0
 12        4        8         0        0         0
 13        4        8         0        0         0
 14        4        8         0        0         0
 15        5        9       693    13218     13218
 16       49       98     17240   392307    391812
 17       49       99       535    12411     12405
 18       50      100         0        0         0
 19       50       99         0        0         0
 20       49       98         0        0         0
 21       49      100         0        0         0
 22       49       99         0        0         0
 23       49       99         0        0         0
 24       49       98         0        0         0
 25       48       99       207     4550      4550
 26      488      999     13340   311717    311049
 27      486      999        45     1047      1046
 28      486      999         0        0         0
 29      486      999         0        0         0
 30      488      998         0        0         0
 31      486      999         0        0         0
 32      488     1000         0        0         0
 33      487      999         0        0         0
 34      489      999         0        0         0
 35      489      998         0        0         0
 36     4902    10000      7121   170483    170020
 37     4899     9999         1       24        24
 38     4905     9999         0        0         0
 39     4902     9998         0        0         0
 40      835     1703         0        0         0

 bloomFilterCompare Count:0 readTableCount:0 

 Compaction Count:933941 TrivialMoveCount:848470 

--------------abover are untilCompactionEnds output--------------


---------------------READ STATISTICS-----------------------------------------
type   		count		min		ave		max

