_bloom_bits_10
bloom_bits from config:32620
filter policy name:leveldb.DynamicBloomFilter 
Options used in leveldb
compression	max_file_size	write_buffer_size	max_open_files
 NoCompress	          2MB	              4MB	         50000
glsm --- hierarchical bloom filter

                               Compactions
Level  Files Size(MB) Time(sec) Read(MB) Write(MB)
--------------------------------------------------
  0        6       20      1324        0     53841
  1       19       37      3082    63636     63278
  2        7       12       285     6855      6856
  3        3        6         0        0         0
  4        3        6         0        0         0
  5        3        6         1       18        18
  6       13       25        20      512       511
  7       12       25         4      112       112
  8       13       25         0        0         0
  9       12       24         0        0         0
 10       13       25         0        0         0
 11       12       24         0        0         0
 12       13       25         0        0         0
 13       12       24         0        0         0
 14       13       25         0        0         0
 15       15       25       722    13175     13176
 16      129      250     16938   384845    384549
 17      126      251       521    12281     12274
 18      126      251         0        0         0
 19      125      251         0        0         0
 20      126      250         0        0         0
 21      128      251         0        0         0
 22      127      250         0        0         0
 23      125      251         0        0         0
 24      124      251         0        0         0
 25      125      250       204     4380      4380
 26     1294     2514     12880   299940    299660
 27     1235     2513        39      917       917
 28     1234     2514         0        0         0
 29     1235     2513         0        0         0
 30     1236     2514         0        0         0
 31     1231     2513         0        0         0
 32     1233     2514         0        0         0
 33     1233     2514         0        0         0
 34     1239     2514         0        0         0
 35     1239     2513         0        0         0
 36    12162    24829      3814    91250     91154

 bloomFilterCompare Count:0 readTableCount:0 

 Compaction Count:846535 TrivialMoveCount:768331 


WRITE latency
-nanusWrite ops:0
READ latency
-nanusRead ops:0
Not found num: 0
                               Compactions
Level  Files Size(MB) Time(sec) Read(MB) Write(MB)
--------------------------------------------------
  0        6       20      1324        0     53841
  1       19       37      3082    63636     63278
  2        7       12       285     6855      6856
  3        3        6         0        0         0
  4        3        6         0        0         0
  5        3        6         1       18        18
  6       13       25        20      512       511
  7       12       25         4      112       112
  8       13       25         0        0         0
  9       12       24         0        0         0
 10       13       25         0        0         0
 11       12       24         0        0         0
 12       13       25         0        0         0
 13       12       24         0        0         0
 14       13       25         0        0         0
 15       15       25       722    13175     13176
 16      129      250     16938   384845    384549
 17      126      251       521    12281     12274
 18      126      251         0        0         0
 19      125      251         0        0         0
 20      126      250         0        0         0
 21      128      251         0        0         0
 22      127      250         0        0         0
 23      125      251         0        0         0
 24      124      251         0        0         0
 25      125      250       204     4380      4380
 26     1294     2514     12880   299940    299660
 27     1235     2513        39      917       917
 28     1234     2514         0        0         0
 29     1235     2513         0        0         0
 30     1236     2514         0        0         0
 31     1231     2513         0        0         0
 32     1233     2514         0        0         0
 33     1233     2514         0        0         0
 34     1239     2514         0        0         0
 35     1239     2513         0        0         0
 36    12162    24829      3814    91250     91154

 bloomFilterCompare Count:0 readTableCount:0 

 Compaction Count:846535 TrivialMoveCount:768331 

                               Compactions
Level  Files Size(MB) Time(sec) Read(MB) Write(MB)
--------------------------------------------------
  0        0        0      1324        0     53841
  1        1        2      3083    63661     63302
  2        1        2       285     6863      6865
  3        1        2         0        6         6
  4        1        2         0        0         0
  5        1        2         1       18        18
  6        5       10        20      512       511
  7        4        8         4      112       112
  8        4        8         0        0         0
  9        4        8         0        0         0
 10        4        8         0        0         0
 11        4        8         0        0         0
 12        5        8         0        0         0
 13        4        8         0        0         0
 14        4        8         0        0         0
 15        4        8       723    13204     13204
 16       50       99     16994   386103    385806
 17       49      100       522    12316     12309
 18       50       98         0        0         0
 19       49       99         0        0         0
 20       50       98         0        0         0
 21       49       99         0        0         0
 22       51      100         0        0         0
 23       50      100         0        0         0
 24       50      100         0        0         0
 25       50       99       204     4393      4393
 26      494     1000     13257   308362    308074
 27      489      999        40      940       939
 28      490     1000         0        0         0
 29      489      999         0        0         0
 30      493      998         0        0         0
 31      489      998         0        0         0
 32      489      998         0        0         0
 33      491      998         0        0         0
 34      490     1000         0        0         0
 35      490     1000         0        0         0
 36     4901     9999      7123   169109    168938
 37     4896     9999         1       27        27
 38     4901     9998         0        0         0
 39     4899     9999         0        0         0
 40      808     1649         0        0         0

 bloomFilterCompare Count:0 readTableCount:0 

 Compaction Count:935035 TrivialMoveCount:849604 

--------------abover are untilCompactionEnds output--------------


---------------------READ STATISTICS-----------------------------------------
type   		count		min		ave		max

