procs -----------memory---------- ---swap-- -----io---- -system-- ------cpu-----
 r  b   swpd   free   buff  cache   si   so    bi    bo   in   cs us sy id wa st
 0  1  50612 63936856   5076 802628    0    0    91   112    0    0  0  0 99  0  0
 1  0  50612 63910044   6908 808044    0    0  3624  2056 1257  562  2  0 98  0  0
 1  0  50612 63910044   6908 808044    0    0     0     0 1059   22  2  0 98  0  0
 1  0  50612 63910044   6908 808044    0    0     0     4 1119   82  2  0 98  0  0
 1  0  50612 63910044   6908 808044    0    0     0     0 1060   23  2  0 98  0  0
 1  0  50612 63910044   6908 808044    0    0     0     0 1104   70  2  0 98  0  0
 1  0  50612 63910044   6908 808044    0    0     0     7 1065   29  2  0 98  0  0
 1  0  50612 63910044   6908 808044    0    0     0     0 1106   72  2  0 98  0  0
 1  0  50612 63910044   6908 808044    0    0     0     0 1069   28  2  0 98  0  0
 1  0  50612 63910044   6908 808044    0    0     0     2 1115   77  2  0 98  0  0
 1  0  50612 63910044   6908 808044    0    0     0     0 1059   22  2  0 98  0  0
 1  0  50612 63910044   6908 808044    0    0     0     0 1121   79  2  0 98  0  0
 1  0  50612 63910044   6908 808044    0    0     0     2 1060   25  2  0 98  0  0
 1  0  50612 63910044   6908 808044    0    0     0     0 1117   76  2  0 98  0  0
 1  0  50612 63910044   6908 808044    0    0     0     0 1060   23  2  0 98  0  0
 1  0  50612 63910044   6908 808044    0    0     0     2 1107   73  2  0 98  0  0
 1  0  50612 63910044   6908 808044    0    0     0    32 1065   23  2  0 98  0  0
 1  0  50612 63910044   6908 808044    0    0     0     0 1105   70  2  0 98  0  0
 1  0  50612 63910044   6908 808044    0    0     0     4 1073   32  2  0 98  0  0
 1  0  50612 63910044   6908 808044    0    0     0     0 1106   71  2  0 98  0  0
 1  0  50612 63910044   6908 808044    0    0     0     0 1059   22  2  0 98  0  0
 1  0  50612 63910044   6908 808044    0    0     0    31 1136  104  2  0 98  0  0
 1  0  50612 63910044   6908 808044    0    0     0     0 1101   64  2  0 98  0  0
 1  0  50612 63910044   6908 808044    0    0     0     0 1156  117  2  0 98  0  0
 1  0  50612 63908544   6908 808044    0    0     0     2 1109   68  2  0 98  0  0
 1  0  50612 63908544   6908 808044    0    0     0     0 1144  111  2  0 98  0  0
 1  0  50612 63908544   6908 808044    0    0     0     0 1099   63  2  0 98  0  0
 1  0  50612 63908544   6908 808044    0    0     0     2 1148  113  2  0 98  0  0
 1  0  50612 63908544   6908 808044    0    0     0     0 1118   75  2  0 98  0  0
 1  0  50612 63908476   6908 808044    0    0     0     0 1151  112  2  0 98  0  0
 1  0  50612 63908476   6908 808044    0    0     0     2 1102   65  2  0 98  0  0
 1  0  50612 63908476   6908 808044    0    0     0     0 1149  111  2  0 98  0  0
 1  0  50612 63908476   6908 808044    0    0     0     0 1103   62  2  0 98  0  0
 1  0  50612 63908476   6908 808044    0    0     0     8 1159  120  2  0 98  0  0
 1  0  50612 63908476   6908 808044    0    0     0     0 1101   63  2  0 98  0  0
 1  0  50612 63908476   6908 808044    0    0     0     0 1144  110  2  0 98  0  0
 1  0  50612 63908476   6908 808044    0    0     0     3 1105   70  2  0 98  0  0
 1  0  50612 63908476   6908 808044    0    0     0     0 1145  112  2  0 98  0  0
 1  0  50612 63908476   6908 808044    0    0     0     0 1109   67  2  0 98  0  0
 1  0  50612 63908476   6908 808044    0    0     0     2 1149  116  2  0 98  0  0
 1  0  50612 63908476   6908 808044    0    0     0     0 1101   63  2  0 98  0  0
 1  0  50612 63908476   6908 808044    0    0     0     0 1144  110  2  0 98  0  0
 1  0  50612 63908476   6908 808044    0    0     0     2 1103   66  2  0 98  0  0
 1  0  50612 63908476   6908 808044    0    0     0     0 1153  115  2  0 98  0  0
 1  0  50612 63908476   6908 808044    0    0     0     0 1101   63  2  0 98  0  0
 1  0  50612 63908476   6908 808044    0    0     0     2 1145  113  2  0 98  0  0
 1  0  50612 63908476   6908 808044    0    0     0     0 1099   62  2  0 98  0  0
 1  0  50612 63908476   6908 808044    0    0     0     0 1143  110  2  0 98  0  0
 1  0  50612 63908476   6908 808044    0    0     0     4 1111   71  2  0 98  0  0
 1  0  50612 63908476   6908 808044    0    0     0     0 1146  111  2  0 98  0  0
 1  0  50612 63908476   6908 808044    0    0     0     0 1100   62  2  0 98  0  0
 1  0  50612 63908476   6908 808044    0    0     0     6 1149  117  2  0 98  0  0
 1  0  50612 63908476   6908 808044    0    0     0     0 1100   64  2  0 98  0  0
 1  0  50612 63908476   6908 808044    0    0     0     0 1162  115  2  0 98  0  0
 1  0  50612 63908476   6908 808044    0    0     0     2 1107   68  2  0 98  0  0
 1  0  50612 63908476   6908 808044    0    0     0     0 1144  111  2  0 98  0  0
 1  0  50612 63908476   6908 808044    0    0     0     0 1098   62  2  0 98  0  0
 1  0  50612 63908476   6908 808044    0    0     0     2 1148  113  2  0 98  0  0
 1  0  50612 63908476   6908 808044    0    0     0     0 1118   75  2  0 98  0  0
 1  0  50612 63908476   6908 808044    0    0     0     0 1148  112  2  0 98  0  0
 1  0  50612 63908476   6908 808044    0    0     0     2 1100   65  2  0 98  0  0
 1  0  50612 63908476   6908 808044    0    0     0     0 1145  110  2  0 98  0  0
 1  0  50612 63908476   6908 808044    0    0     0     0 1099   62  2  0 98  0  0
 1  0  50612 63908476   6908 808044    0    0     0     2 1157  118  2  0 98  0  0
 1  0  50612 63908476   6908 808044    0    0     0     0 1100   63  2  0 98  0  0
 1  0  50612 63908476   6908 808044    0    0     0     0 1144  110  2  0 98  0  0
 1  0  50612 63908476   6908 808044    0    0     0    11 1109   74  2  0 98  0  0
 1  0  50612 63908476   6908 808044    0    0     0     0 1147  112  2  0 98  0  0
 1  0  50612 63908476   6908 808044    0    0     0     0 1108   67  2  0 98  0  0
 1  0  50612 63908476   6908 808044    0    0     0     2 1152  117  2  0 98  0  0
 1  0  50612 63908476   6908 808044    0    0     0     0 1097   62  2  0 98  0  0
 1  0  50612 63908476   6908 808044    0    0     0     0 1158  116  2  0 98  0  0
 1  0  50612 63908476   6908 808044    0    0     0     2 1102   65  2  0 98  0  0
 1  0  50612 63908476   6908 808044    0    0     0     0 1154  115  2  0 98  0  0
 1  0  50612 63908476   6908 808044    0    0     0     0 1101   63  2  0 98  0  0
 1  0  50612 63908476   6908 808044    0    0     0     2 1149  113  2  0 98  0  0
 1  0  50612 63908476   6908 808044    0    0     0     0 1099   62  2  0 98  0  0
 1  0  50612 63908476   6908 808044    0    0     0     0 1143  110  2  0 98  0  0
 1  0  50612 63908476   6908 808044    0    0     0     2 1110   70  2  0 98  0  0
 1  0  50612 63908476   6908 808044    0    0     0     0 1148  111  2  0 98  0  0
 1  0  50612 63908476   6908 808044    0    0     0     0 1098   62  2  0 98  0  0
 1  0  50612 63908476   6908 808044    0    0     0     3 1147  117  2  0 98  0  0
 1  0  50612 63908476   6908 808044    0    0     0     0 1105   68  2  0 98  0  0
 1  0  50612 63908476   6908 808044    0    0     0     0 1154  116  2  0 98  0  0
 1  0  50612 63908476   6908 808044    0    0     0     2 1106   69  2  0 98  0  0
 1  0  50612 63908476   6908 808044    0    0     0     0 1143  110  2  0 98  0  0
 1  0  50612 63908476   6908 808044    0    0     0     0 1110   70  2  0 98  0  0
 1  0  50612 63908476   6908 808044    0    0     0     2 1145  113  2  0 98  0  0
 1  0  50612 63908476   6908 808044    0    0     0     0 1120   76  2  0 98  0  0
 1  0  50612 63908476   6908 808044    0    0     0     0 1146  112  2  0 98  0  0
 1  0  50612 63908476   6908 808044    0    0     0     2 1101   65  2  0 98  0  0
 1  0  50612 63908476   6908 808044    0    0     0     0 1143  110  2  0 98  0  0
 1  0  50612 63908476   6908 808044    0    0     0     0 1099   62  2  0 98  0  0
 1  0  50612 63908476   6908 808044    0    0     0     2 1157  118  2  0 98  0  0
 1  0  50612 63908476   6908 808044    0    0     0     0 1103   67  2  0 98  0  0
 1  0  50612 63908476   6908 808044    0    0     0     0 1147  110  2  0 98  0  0
 1  0  50612 63908476   6908 808044    0    0     0     3 1115   76  2  0 98  0  0
 1  0  50612 63908476   6908 808044    0    0     0     0 1148  111  2  0 98  0  0
 1  0  50612 63908476   6908 808044    0    0     0     0 1109   68  2  0 98  0  0
 1  0  50612 63908476   6908 808044    0    0     0     4 1150  117  2  0 98  0  0
 1  0  50612 63908476   6908 808044    0    0     0     0 1107   68  2  0 98  0  0
 1  0  50612 63908476   6908 808044    0    0     0     0 1146  110  2  0 98  0  0
 1  0  50612 63909124   6908 808168    0    0     0     2 1189  100  2  0 98  0  0
 1  0  50612 63909124   6908 808168    0    0     0     0 1154  117  2  0 98  0  0
 1  0  50612 63909124   6908 808168    0    0     0     0 1100   64  2  0 98  0  0
 1  0  50612 63909124   6908 808168    0    0     0     2 1146  113  2  0 98  0  0
 1  0  50612 63909124   6908 808168    0    0     0     0 1100   62  2  0 98  0  0
 1  0  50612 63909124   6908 808168    0    0     0     0 1144  110  2  0 98  0  0
 1  0  50612 63909124   6908 808168    0    0     0     2 1111   70  2  0 98  0  0
 1  0  50612 63909372   6908 808168    0    0     0     0 1146  112  2  0 98  0  0
 1  0  50612 63909372   6908 808168    0    0     0     0 1099   62  2  0 98  0  0
 1  0  50612 63909372   6908 808168    0    0     0     6 1149  117  2  0 98  0  0
 1  0  50612 63909372   6908 808168    0    0     0     0 1099   64  2  0 98  0  0
 1  0  50612 63909372   6908 808168    0    0     0     0 1155  116  2  0 98  0  0
 1  0  50612 63909372   6908 808168    0    0     0     2 1104   69  2  0 98  0  0
 1  0  50612 63909372   6908 808168    0    0     0     0 1145  110  2  0 98  0  0
 1  0  50612 63909372   6908 808168    0    0     0     0 1099   62  2  0 98  0  0
 1  0  50612 63909372   6908 808168    0    0     0     2 1154  115  2  0 98  0  0
 1  0  50612 63909372   6908 808168    0    0     0     0 1121   76  2  0 98  0  0
 1  0  50612 63909372   6908 808168    0    0     0     0 1149  113  2  0 98  0  0
 1  0  50612 63909372   6908 808168    0    0     0     2 1100   65  2  0 98  0  0
 1  0  50612 63909372   6908 808168    0    0     0     0 1144  110  2  0 98  0  0
 1  0  50612 63909372   6908 808168    0    0     0     0 1099   62  2  0 98  0  0
 1  0  50612 63909372   6908 808168    0    0     0     2 1158  118  2  0 98  0  0
 1  0  50612 63909372   6908 808168    0    0     0     0 1100   63  2  0 98  0  0
 1  0  50612 63909372   6908 808168    0    0     0     0 1143  110  2  0 98  0  0
 1  0  50612 63909372   6908 808168    0    0     0    11 1108   74  2  0 98  0  0
 1  0  50612 63909372   6908 808168    0    0     0     0 1144  110  2  0 98  0  0
 1  0  50612 63909372   6908 808168    0    0     0     0 1112   69  2  0 98  0  0
 1  0  50612 63909372   6908 808168    0    0     0     2 1149  116  2  0 98  0  0
 1  0  50612 63909372   6908 808168    0    0     0     0 1100   63  2  0 98  0  0
 1  0  50612 63909372   6908 808168    0    0     0     0 1151  115  2  0 98  0  0
 1  0  50612 63909372   6908 808168    0    0     0     2 1102   65  2  0 98  0  0
 1  0  50612 63909372   6908 808168    0    0     0     0 1153  115  2  0 98  0  0
 1  0  50612 63909372   6908 808168    0    0     0     0 1100   63  2  0 98  0  0
 1  0  50612 63909372   6908 808168    0    0     0     2 1146  113  2  0 98  0  0
 1  0  50612 63909372   6908 808168    0    0     0     0 1099   62  2  0 98  0  0
 1  0  50612 63909372   6908 808168    0    0     0     0 1144  110  2  0 98  0  0
 1  0  50612 63909372   6908 808168    0    0     0     2 1114   72  2  0 98  0  0
 1  0  50612 63909372   6908 808168    0    0     0     0 1148  111  2  0 98  0  0
 1  0  50612 63909372   6908 808168    0    0     0     0 1101   62  2  0 98  0  0
 1  0  50612 63909372   6908 808168    0    0     0     3 1149  117  2  0 98  0  0
 1  0  50612 63909372   6908 808168    0    0     0     0 1099   62  2  0 98  0  0
 1  0  50612 63909372   6908 808168    0    0     0     0 1157  118  2  0 98  0  0
 1  0  50612 63909372   6908 808168    0    0     0     2 1105   69  2  0 98  0  0
 1  0  50612 63909372   6908 808168    0    0     0     0 1146  110  2  0 98  0  0
 1  0  50612 63909372   6908 808168    0    0     0     0 1099   62  2  0 98  0  0
 1  0  50612 63909372   6908 808168    0    0     0     4 1147  114  2  0 98  0  0
 1  0  50612 63909372   6908 808168    0    0     0     0 1120   75  2  0 98  0  0
 1  0  50612 63909372   6908 808168    0    0     0     0 1147  112  2  0 98  0  0
